323.000000
378.000000
328.000000
323.000000
327.000000
323.000000
276.000000
330.000000
375.000000
222.000000
277.000000
320.000000
218.000000
220.000000
216.000000
323.000000
269.000000
273.000000
216.000000
273.000000
274.000000
276.000000
215.000000
215.000000
4372.000000
434.000000
437.000000
269.000000
269.000000
270.000000
162.000000
169.000000
122.000000
109.000000
330.000000
326.000000
380.000000
331.000000
324.000000
350.000000
326.000000
273.000000
166.000000
326.000000
272.000000
271.000000
326.000000
429.000000
385.000000
323.000000
323.000000
12359.000000
384.000000
377.000000
386.000000
378.000000
380.000000
376.000000
330.000000
325.000000
222.000000
162.000000
215.000000
216.000000
269.000000
218.000000
216.000000
162.000000
162.000000
277.000000
273.000000
280.000000
327.000000
274.000000
378.000000
327.000000
382.000000
377.000000
433.000000
430.000000
432.000000
381.000000
380.000000
381.000000
329.000000
327.000000
274.000000
270.000000
269.000000
329.000000
327.000000
374.000000
275.000000
326.000000
269.000000
378.000000
328.000000
327.000000
331.000000
378.000000
381.000000
327.000000
332.000000
324.000000
383.000000
380.000000
434.000000
431.000000
277.000000
216.000000
216.000000
215.000000
278.000000
269.000000
215.000000
383.000000
333.000000
380.000000
324.000000
323.000000
323.000000
381.000000
377.000000
381.000000
383.000000
324.000000
269.000000
108.000000
109.000000
162.000000
166.000000
214.000000
214.000000
273.000000
269.000000
436.000000
273.000000
272.000000
269.000000
333.000000
323.000000
432.000000
275.000000
273.000000
274354.000000
269.000000
323.000000
327.000000
330.000000
377.000000
380.000000
270.000000
272.000000
276.000000
269.000000
323.000000
216.000000
219.000000
269.000000
278.000000
273.000000
216.000000
162.000000
162.000000
166.000000
274.000000
326.000000
323.000000
374.000000
16029.000000
274.000000
332.000000
271.000000
273.000000
283412.000000
276.000000
217.000000
216.000000
272.000000
273.000000
269.000000
377.000000
323.000000
324.000000
273.000000
273.000000
270.000000
272.000000
327.000000
279.000000
381.000000
323.000000
323.000000
273.000000
276.000000
276.000000
272.000000
270.000000
324.000000
342.000000
329.000000
327.000000
384.000000
380.000000
276.000000
273.000000
276.000000
273.000000
216.000000
273.000000
330.000000
380.000000
381.000000
270.000000
109.000000
108.000000
108.000000
269.000000
269.000000
379.000000
538.000000
324.000000
330.000000
271.000000
381.000000
383.000000
326.000000
427.000000
377.000000
324.000000
330.000000
275.000000
323.000000
380.000000
378.000000
434.000000
381.000000
380.000000
280.000000
272.000000
217.000000
215.000000
222.000000
216.000000
269.000000
270.000000
377.000000
327.000000
324.000000
374.000000
330.000000
377.000000
384.000000
377.000000
380.000000
377.000000
377.000000
428.000000
377.000000
383.000000
323.000000
327.000000
325.000000
275.000000
170.000000
326.000000
273.000000
429.000000
272.000000
323.000000
323.000000
329.000000
273.000000
279.000000
380.000000
273.000000
384.000000
324.000000
327.000000
331.000000
217.000000
121.000000
108.000000
108.000000
162.000000
270.000000
275.000000
304132.000000
432.000000
496.000000
379.000000
440.000000
379.000000
376.000000
325.000000
333.000000
269.000000
269.000000
219.000000
162.000000
216.000000
323.000000
327.000000
379.000000
377.000000
328.000000
377.000000
321.000000
269.000000
273.000000
217.000000
219.000000
216.000000
326.000000
326.000000
380.000000
269.000000
376.000000
383.000000
327.000000
380.000000
374.000000
273.000000
378.000000
385.000000
429.000000
435.000000
323.000000
323.000000
323.000000
376.000000
376.000000
380.000000
380.000000
323.000000
323.000000
324.000000
321.000000
273.000000
221.000000
270.000000
272.000000
378.000000
379.000000
326.000000
381.000000
327.000000
379.000000
165.000000
162.000000
219.000000
217.000000
270.000000
277.000000
377.000000
381.000000
378.000000
381.000000
323.000000
165.000000
284.000000
323.000000
377.000000
379.000000
433.000000
456.000000
380.000000
431.000000
377.000000
308.000000
324.000000
325.000000
270.000000
322.000000
397.000000
434.000000
436.000000
432.000000
327.000000
166.000000
215.000000
435.000000
431.000000
269.000000
219.000000
219.000000
215.000000
270.000000
326.000000
12390.000000
490.000000
383.000000
324.000000
326.000000
323.000000
324.000000
321.000000
383.000000
377.000000
269.000000
271.000000
331.000000
325.000000
270.000000
291.000000
327.000000
433.000000
434.000000
325.000000
323.000000
330.000000
276.000000
219.000000
269.000000
327.000000
323.000000
269.000000
327.000000
272.000000
332.000000
437.000000
434.000000
431.000000
430.000000
438.000000
380.000000
323.000000
272.000000
270.000000
269.000000
269.000000
269.000000
269.000000
273.000000
323.000000
278.000000
431.000000
431.000000
434.000000
430.000000
382.000000
383.000000
377.000000
3941.000000
380.000000
597.000000
387.000000
329.000000
380.000000
327.000000
275.000000
323.000000
325.000000
274.000000
378.000000
330.000000
324.000000
381.000000
270.000000
276.000000
327.000000
330.000000
324.000000
271.000000
220.000000
216.000000
273.000000
273.000000
535.000000
377.000000
376.000000
273.000000
270.000000
269.000000
269.000000
275.000000
324.000000
381.000000
387.000000
431.000000
432.000000
431.000000
383.000000
380.000000
219.000000
269.000000
273.000000
16246.000000
273.000000
323.000000
375.000000
269.000000
326.000000
375.000000
323.000000
493.000000
326.000000
374.000000
323.000000
271.000000
275.000000
272.000000
269.000000
347.000000
327.000000
323.000000
300313.000000
478.000000
273.000000
330.000000
323.000000
322.000000
434.000000
380.000000
387.000000
377.000000
377.000000
377.000000
377.000000
384.000000
380.000000
379.000000
378.000000
434.000000
381.000000
381.000000
381.000000
327.000000
376.000000
381.000000
328.000000
326.000000
330.000000
377.000000
323.000000
279.000000
375.000000
331.000000
326.000000
270.000000
270.000000
325.000000
323.000000
330.000000
325.000000
327.000000
273.000000
270.000000
270.000000
270.000000
270.000000
270.000000
326.000000
163.000000
324.000000
328.000000
385.000000
380.000000
327.000000
331.000000
323.000000
323.000000
377.000000
327.000000
327.000000
330.000000
323.000000
215.000000
215.000000
280.000000
215.000000
323.000000
377.000000
275.000000
325.000000
273.000000
381.000000
324.000000
324.000000
431.000000
431.000000
381.000000
387.000000
376.000000
377.000000
384.000000
324.000000
336.000000
275.000000
274.000000
270.000000
270.000000
269.000000
381.000000
380.000000
380.000000
439.000000
380.000000
380.000000
273.000000
269.000000
383.000000
383.000000
377.000000
382.000000
380.000000
377.000000
431.000000
271.000000
381.000000
329.000000
270.000000
269.000000
272.000000
324.000000
327.000000
269.000000
321.000000
276.000000
269.000000
218.000000
323.000000
325.000000
328.000000
271.000000
215.000000
270.000000
270.000000
269.000000
328.000000
327.000000
269.000000
272.000000
323.000000
273.000000
270.000000
269.000000
269.000000
219.000000
274.000000
273.000000
327.000000
270.000000
278.000000
327.000000
323.000000
167.000000
219.000000
216.000000
375.000000
330.000000
326.000000
325.000000
494.000000
434.000000
491.000000
269.000000
321.000000
270.000000
162.000000
163.000000
384.000000
381.000000
428.000000
326.000000
331.000000
324.000000
326.000000
385.000000
488.000000
441.000000
381.000000
431.000000
435.000000
441.000000
439.000000
434.000000
377.000000
388.000000
380.000000
383.000000
384.000000
434.000000
377.000000
275.000000
379.000000
384.000000
378.000000
383.000000
323.000000
326.000000
377.000000
380.000000
324.000000
269.000000
323.000000
332.000000
322.000000
275.000000
270.000000
269.000000
323.000000
327.000000
324.000000
327.000000
431.000000
216.000000
219.000000
215.000000
161.000000
326.000000
324.000000
215.000000
379.000000
432.000000
12232.000000
269.000000
326.000000
324.000000
431.000000
438.000000
484.000000
486.000000
492.000000
488.000000
383.000000
398.000000
390.000000
330.000000
215.000000
323.000000
327.000000
431.000000
430.000000
327.000000
378.000000
436.000000
349.000000
323.000000
271.000000
271.000000
326.000000
323.000000
330.000000
378.000000
323.000000
270.000000
276.000000
383.000000
380.000000
434.000000
378.000000
323.000000
377.000000
330.000000
377.000000
330.000000
323.000000
325.000000
301.000000
377.000000
377.000000
269.000000
326.000000
323.000000
278.000000
271.000000
269.000000
328.000000
322.000000
323.000000
326.000000
380.000000
431.000000
443.000000
428.000000
216.000000
276.000000
321.000000
329.000000
324.000000
326.000000
380.000000
383.000000
376.000000
431.000000
326.000000
330.000000
269.000000
164.000000
162.000000
166.000000
219.000000
219.000000
217.000000
215.000000
215.000000
269.000000
323.000000
322.000000
404.000000
484.000000
481.000000
434.000000
430.000000
433.000000
436.000000
379.000000
380.000000
218.000000
270.000000
225.000000
215.000000
270.000000
321.000000
380.000000
380.000000
377.000000
433.000000
162.000000
162.000000
165.000000
162.000000
166.000000
380.000000
164.000000
276.000000
270.000000
219.000000
272.000000
325.000000
455.000000
325.000000
331.000000
274.000000
270.000000
321.000000
323.000000
322.000000
383.000000
269.000000
436.000000
380.000000
8425.000000
378.000000
323.000000
378.000000
323.000000
378.000000
327.000000
375.000000
377.000000
383.000000
324.000000
326.000000
380.000000
220.000000
215.000000
220.000000
217.000000
381.000000
487.000000
488.000000
381.000000
379.000000
327.000000
378.000000
384.000000
327.000000
430.000000
439.000000
380.000000
327.000000
380.000000
381.000000
384.000000
383.000000
377.000000
216.000000
215.000000
216.000000
222.000000
328.000000
323.000000
381.000000
428.000000
432.000000
330.000000
329.000000
323.000000
273.000000
222.000000
216.000000
223.000000
329.000000
215.000000
166.000000
162.000000
272.000000
218.000000
216.000000
216.000000
326.000000
269.000000
269.000000
273.000000
324.000000
431.000000
380.000000
326.000000
323.000000
372.000000
272.000000
269.000000
269.000000
269.000000
273.000000
381.000000
380.000000
324.000000
323.000000
328.000000
326.000000
433.000000
431.000000
431.000000
377.000000
381.000000
323.000000
330.000000
325.000000
328.000000
330.000000
377.000000
271.000000
380.000000
380.000000
276.000000
271.000000
270.000000
162.000000
108.000000
162.000000
219.000000
216.000000
216.000000
271.000000
10978.000000
323.000000
433.000000
428.000000
428.000000
428.000000
401.000000
381.000000
271.000000
273.000000
319.000000
269.000000
270.000000
276.000000
324.000000
327.000000
274.000000
271.000000
270.000000
270.000000
270.000000
323.000000
379.000000
377.000000
432.000000
484.000000
432.000000
218.000000
325.000000
281.000000
383.000000
377.000000
380.000000
377.000000
376.000000
323.000000
323.000000
685.000000
269.000000
271.000000
216.000000
216.000000
219.000000
213.000000
326.000000
325.000000
323.000000
216.000000
215.000000
162.000000
217.000000
273.000000
482.000000
384.000000
380.000000
377.000000
378.000000
379.000000
376.000000
428.000000
377.000000
380.000000
426.000000
446.000000
437.000000
377.000000
484.000000
380.000000
273.000000
274.000000
380.000000
431.000000
379.000000
323.000000
433.000000
437.000000
323.000000
326.000000
324.000000
326.000000
333.000000
323.000000
273.000000
270.000000
330.000000
380.000000
381.000000
378.000000
273.000000
273.000000
221.000000
492.000000
488.000000
429.000000
380.000000
323.000000
324.000000
326.000000
323.000000
323.000000
326.000000
219.000000
388.000000
535.000000
488.000000
486.000000
380.000000
324.000000
325.000000
329.000000
381.000000
324.000000
327.000000
323.000000
323.000000
431.000000
377.000000
380.000000
378.000000
377.000000
350.000000
379.000000
431.000000
437.000000
433.000000
438.000000
381.000000
269.000000
267.000000
268.000000
223.000000
270.000000
272.000000
270.000000
381.000000
377.000000
269.000000
270.000000
377.000000
376.000000
331.000000
328.000000
428.000000
377.000000
323.000000
269.000000
217.000000
219.000000
275.000000
325.000000
377.000000
327.000000
222.000000
270.000000
269.000000
269.000000
217.000000
216.000000
215.000000
215.000000
219.000000
221.000000
384.000000
270.000000
272.000000
273.000000
276.000000
224.000000
219.000000
216.000000
385.000000
377.000000
377.000000
381.000000
381.000000
8395.000000
323.000000
429.000000
381.000000
381.000000
326.000000
331.000000
329.000000
324.000000
378.000000
324.000000
326.000000
216.000000
327.000000
216.000000
219.000000
216.000000
270.000000
432.000000
380.000000
216.000000
269.000000
270.000000
269.000000
323.000000
283.000000
166.000000
214.000000
218.000000
215.000000
219.000000
269.000000
327.000000
323.000000
272.000000
269.000000
325.000000
323.000000
270.000000
269.000000
323.000000
336.000000
323.000000
326.000000
323.000000
378.000000
329.000000
328.000000
327.000000
334.000000
324.000000
323.000000
329.000000
326.000000
321.000000
216.000000
219.000000
383.000000
377.000000
488.000000
219.000000
216.000000
216.000000
446.000000
433.000000
377.000000
377.000000
377.000000
434.000000
330.000000
487.000000
377.000000
383.000000
270.000000
269.000000
216.000000
272.000000
269.000000
326.000000
327.000000
381.000000
377.000000
377.000000
269.000000
216.000000
267.000000
216.000000
270.000000
18577.000000
269.000000
323.000000
322.000000
326.000000
328.000000
276.000000
269.000000
377.000000
324.000000
326.000000
327.000000
327.000000
272.000000
323.000000
325.000000
323.000000
381.000000
435.000000
431.000000
431.000000
323.000000
326.000000
322.000000
326.000000
269.000000
271.000000
276.000000
270.000000
235.000000
270.000000
330.000000
380.000000
431.000000
387.000000
330.000000
333.000000
269.000000
224.000000
273.000000
272.000000
378.000000
410.000000
434.000000
383.000000
379.000000
322.000000
376.000000
379.000000
435.000000
322.000000
362.000000
219.000000
267.000000
270.000000
162.000000
216.000000
384.000000
331.000000
273.000000
377.000000
426.000000
327.000000
323.000000
323.000000
324.000000
323.000000
330.000000
328.000000
274.000000
325.000000
327.000000
162.000000
162.000000
270.000000
273.000000
276.000000
270.000000
162.000000
218.000000
327.000000
269.000000
273.000000
333.000000
426.000000
323.000000
326.000000
272.000000
326.000000
438.000000
437.000000
438.000000
431.000000
482.000000
332.000000
323.000000
326.000000
386.000000
333.000000
324.000000
326.000000
323.000000
326.000000
375.000000
324.000000
378.000000
383.000000
395.000000
376.000000
377.000000
379.000000
277.000000
323.000000
374.000000
323.000000
325.000000
380.000000
377.000000
384.000000
492.000000
430.000000
431.000000
430.000000
438.000000
436.000000
482.000000
323.000000
324.000000
381.000000
377.000000
378.000000
381.000000
377.000000
377.000000
376.000000
378.000000
330.000000
428.000000
378.000000
378.000000
378.000000
377.000000
324.000000
329.000000
216.000000
276.000000
222.000000
326.000000
323.000000
380.000000
324.000000
323.000000
327.000000
215.000000
215.000000
273.000000
273.000000
275.000000
334.000000
269.000000
273.000000
377.000000
323.000000
324.000000
328.000000
380.000000
494.000000
294.000000
381.000000
384.000000
380.000000
377.000000
329.000000
326.000000
376.000000
12315.000000
329.000000
323.000000
326.000000
434.000000
377.000000
437.000000
380.000000
377.000000
434.000000
378.000000
377.000000
382.000000
326.000000
273.000000
439.000000
384.000000
272.000000
269.000000
269.000000
270.000000
269.000000
269.000000
216.000000
321.000000
273.000000
270.000000
270.000000
334.000000
389.000000
484.000000
485.000000
434.000000
431.000000
438.000000
434.000000
383.000000
215.000000
168.000000
330.000000
323.000000
377.000000
324.000000
377.000000
380.000000
382.000000
336.000000
330.000000
381.000000
329.000000
325.000000
323.000000
323.000000
428.000000
376.000000
323.000000
330.000000
323.000000
324.000000
323.000000
381.000000
377.000000
432.000000
323.000000
323.000000
326.000000
326.000000
380.000000
378.000000
272.000000
324.000000
271.000000
273.000000
386.000000
273.000000
222.000000
219.000000
218.000000
269.000000
269.000000
16370.000000
389.000000
377.000000
384.000000
376.000000
273.000000
323.000000
323.000000
326.000000
378.000000
325.000000
409.000000
380.000000
377.000000
326.000000
324.000000
324.000000
323.000000
484.000000
494.000000
380.000000
324.000000
381.000000
326.000000
327.000000
330.000000
436.000000
438.000000
436.000000
327.000000
323.000000
271.000000
322.000000
325.000000
219.000000
327.000000
329.000000
432.000000
431.000000
484.000000
437.000000
326.000000
327.000000
377.000000
438.000000
378.000000
380.000000
377.000000
271.000000
326.000000
384.000000
378.000000
377.000000
374.000000
432.000000
434.000000
384.000000
389.000000
380.000000
429.000000
332.000000
224.000000
269.000000
273.000000
270.000000
271.000000
269.000000
380.000000
482.000000
433.000000
489.000000
376.000000
376.000000
327.000000
480.000000
377.000000
332.000000
338.000000
325.000000
278.000000
385.000000
330.000000
270.000000
272.000000
269.000000
270.000000
326.000000
488.000000
323.000000
323.000000
322.000000
385.000000
490.000000
8818.000000
323.000000
326.000000
327.000000
326.000000
327.000000
327.000000
378.000000
482.000000
386.000000
376.000000
383.000000
328.000000
324.000000
273.000000
271.000000
270.000000
216.000000
216.000000
378.000000
324.000000
324.000000
216.000000
219.000000
327.000000
216.000000
219.000000
216.000000
165.000000
112.000000
216.000000
221.000000
219.000000
378.000000
327.000000
323.000000
377.000000
330.000000
323.000000
165.000000
165.000000
112.000000
494.000000
381.000000
378.000000
431.000000
325.000000
273.000000
271.000000
269.000000
274.000000
270.000000
269.000000
269.000000
323.000000
216.000000
269.000000
378.000000
378.000000
377.000000
323.000000
269.000000
216.000000
216.000000
216.000000
219.000000
215.000000
216.000000
325.000000
377.000000
378.000000
322.000000
379.000000
326.000000
324.000000
327.000000
333.000000
330.000000
377.000000
430.000000
381.000000
377.000000
16376.000000
288.000000
380.000000
434.000000
439.000000
486.000000
270.000000
269.000000
330.000000
323.000000
378.000000
586.000000
377.000000
323.000000
326.000000
326.000000
323.000000
327.000000
330.000000
327.000000
13218.000000
326.000000
432.000000
377.000000
324.000000
324.000000
327.000000
374.000000
327.000000
392.000000
377.000000
379.000000
330.000000
323.000000
269.000000
270.000000
270.000000
270.000000
215.000000
271.000000
166.000000
269.000000
320.000000
442.000000
380.000000
380.000000
386.000000
323.000000
323.000000
279.000000
384.000000
490.000000
322.000000
323.000000
270.000000
273.000000
270.000000
216.000000
217.000000
323.000000
381.000000
377.000000
325.000000
273.000000
324.000000
327.000000
325.000000
272.000000
323.000000
274.000000
269.000000
323.000000
279.000000
327.000000
313.000000
276.000000
322.000000
381.000000
383.000000
377.000000
326.000000
324.000000
270.000000
270.000000
271.000000
216.000000
323.000000
327.000000
327.000000
377.000000
380.000000
328.000000
270.000000
269.000000
277.000000
217.000000
272.000000
329.000000
216.000000
220.000000
215.000000
270.000000
323.000000
380.000000
216.000000
270.000000
270.000000
323.000000
269.000000
327.000000
327.000000
324.000000
323.000000
323.000000
387.000000
269.000000
271.000000
271.000000
269.000000
323.000000
272.000000
273.000000
273.000000
278.000000
380.000000
269.000000
269.000000
169.000000
162.000000
165.000000
165.000000
162.000000
112.000000
324.000000
326.000000
273.000000
270.000000
377.000000
411.000000
269131.000000
484.000000
438.000000
435.000000
434.000000
384.000000
378.000000
326.000000
387.000000
329.000000
330.000000
326.000000
324.000000
434.000000
489.000000
216.000000
219.000000
215.000000
273.000000
270.000000
270.000000
384.000000
434.000000
437.000000
434.000000
379.000000
377.000000
384.000000
327.000000
426.000000
276.000000
327.000000
326.000000
323.000000
324.000000
376.000000
384.000000
386.000000
488.000000
377.000000
276.000000
218.000000
215.000000
219.000000
215.000000
272.000000
327.000000
374.000000
438.000000
377.000000
342.000000
329.000000
323.000000
330.000000
327.000000
269.000000
323.000000
326.000000
325.000000
436.000000
325.000000
216.000000
215.000000
222.000000
223.000000
216.000000
272.000000
326.000000
327.000000
274.000000
377.000000
323.000000
384.000000
332.000000
377.000000
377.000000
326.000000
323.000000
270.000000
269.000000
275.000000
270.000000
326.000000
330.000000
330.000000
323.000000
269.000000
323.000000
377.000000
376.000000
270.000000
381.000000
377.000000
324.000000
219.000000
162.000000
272.000000
377.000000
535.000000
327.000000
381.000000
381.000000
598.000000
325.000000
326.000000
323.000000
323.000000
326.000000
426.000000
323.000000
327.000000
381.000000
377.000000
381.000000
430.000000
431.000000
377.000000
427.000000
438.000000
430.000000
276.000000
378.000000
323.000000
326.000000
323.000000
275.000000
329.000000
383.000000
380.000000
429.000000
383.000000
432.000000
381.000000
380.000000
377.000000
377.000000
379.000000
384.000000
437.000000
329.000000
272.000000
374.000000
329.000000
326.000000
327.000000
323.000000
326.000000
323.000000
402.000000
383.000000
364.000000
323.000000
323.000000
270.000000
270.000000
272.000000
216.000000
219.000000
216.000000
269.000000
428.000000
377.000000
377.000000
379.000000
377.000000
326.000000
323.000000
326.000000
433.000000
379.000000
380.000000
382.000000
380.000000
269.000000
327.000000
344.000000
376.000000
272.000000
378.000000
377.000000
436.000000
377.000000
383.000000
380.000000
377.000000
378.000000
272.000000
326.000000
327.000000
324.000000
324.000000
220.000000
323.000000
330.000000
276.000000
323.000000
272.000000
325.000000
380.000000
377.000000
433.000000
271.000000
274.000000
326.000000
328.000000
327.000000
216.000000
323.000000
324.000000
323.000000
271.000000
269.000000
270.000000
275.000000
273.000000
274.000000
273.000000
329.000000
276.000000
329.000000
323.000000
393.000000
272.000000
215.000000
273.000000
273.000000
215.000000
283.000000
276.000000
271.000000
275.000000
441.000000
327.000000
327.000000
323.000000
272.000000
270.000000
273.000000
380.000000
271.000000
270.000000
273.000000
276.000000
272.000000
380.000000
333.000000
273.000000
325.000000
324.000000
375.000000
332.000000
384.000000
378.000000
273.000000
111.000000
167.000000
109.000000
215.000000
270.000000
278.000000
328.000000
323.000000
377.000000
326.000000
380.000000
377.000000
375.000000
323.000000
323.000000
273.000000
276.000000
270.000000
320.000000
378.000000
324.000000
322.000000
430.000000
434.000000
380.000000
377.000000
380.000000
377.000000
485.000000
377.000000
379.000000
323.000000
323.000000
389.000000
272.000000
327.000000
273.000000
323.000000
323.000000
323.000000
333.000000
378.000000
216.000000
166.000000
162.000000
216.000000
216.000000
270.000000
16234.000000
324.000000
330.000000
384.000000
377.000000
380.000000
430.000000
4371.000000
437.000000
377.000000
323.000000
377.000000
327.000000
336.000000
330.000000
324.000000
269.000000
16170.000000
322.000000
323.000000
377.000000
324.000000
390.000000
381.000000
438.000000
380.000000
323.000000
485.000000
437.000000
324.000000
270.000000
270.000000
326.000000
323.000000
431.000000
402.000000
327.000000
219.000000
216.000000
216.000000
273.000000
326.000000
326.000000
327.000000
380.000000
435.000000
330.000000
380.000000
377.000000
377.000000
384.000000
483.000000
484.000000
379.000000
216.000000
381.000000
378.000000
376.000000
323.000000
380.000000
327.000000
272.000000
328.000000
380.000000
324.000000
271.000000
273.000000
325.000000
326.000000
324.000000
330.000000
378.000000
327.000000
331.000000
405.000000
431.000000
324.000000
327.000000
323.000000
327.000000
273.000000
269.000000
165.000000
276.000000
270.000000
270.000000
216.000000
268.000000
219.000000
215.000000
216.000000
216.000000
217.000000
222.000000
222.000000
269.000000
330.000000
383.000000
377.000000
270.000000
269.000000
273.000000
273.000000
216.000000
216.000000
267.000000
269.000000
269.000000
269.000000
435.000000
437.000000
430.000000
380.000000
378.000000
377.000000
326.000000
323.000000
377.000000
377.000000
328.000000
322.000000
270.000000
324.000000
325.000000
218.000000
324.000000
272.000000
271.000000
269.000000
220.000000
271.000000
276.000000
270.000000
216.000000
324.000000
273.000000
327.000000
378.000000
270.000000
270.000000
436.000000
377.000000
323.000000
323.000000
326.000000
323.000000
326.000000
323.000000
326.000000
379.000000
437.000000
325.000000
324.000000
323.000000
325.000000
323.000000
380.000000
377.000000
271.000000
271.000000
269.000000
276.000000
327.000000
327.000000
385.000000
326.000000
430.000000
434.000000
324.000000
330.000000
332.000000
323.000000
378.000000
377.000000
434.000000
431.000000
432.000000
380.000000
327.000000
375.000000
375.000000
374.000000
267.000000
323.000000
216.000000
219.000000
275.000000
273.000000
327.000000
334.000000
378.000000
378.000000
428.000000
378.000000
436.000000
378.000000
431.000000
483.000000
12344.000000
383.000000
380.000000
323.000000
270.000000
274.000000
380.000000
380.000000
380.000000
601.000000
431.000000
323.000000
327.000000
327.000000
324.000000
324.000000
273.000000
326.000000
326.000000
377.000000
380.000000
380.000000
377.000000
384.000000
377.000000
384.000000
323.000000
327.000000
325.000000
329.000000
323.000000
270.000000
404.000000
432.000000
11126.000000
326.000000
270.000000
271.000000
325.000000
331.000000
270.000000
273.000000
326.000000
330.000000
323.000000
327.000000
269.000000
270.000000
273.000000
273.000000
325.000000
271.000000
269.000000
323.000000
433.000000
434.000000
323.000000
325.000000
323.000000
377.000000
429.000000
431.000000
432.000000
433.000000
384.000000
377.000000
6493.000000
270.000000
218.000000
268.000000
216.000000
216.000000
323.000000
275.000000
434.000000
270.000000
327.000000
273.000000
269.000000
273.000000
380.000000
320.000000
270.000000
269.000000
269.000000
270.000000
433.000000
428.000000
325.000000
327.000000
480.000000
380.000000
380.000000
277.000000
216.000000
216.000000
165.000000
216.000000
468.000000
434.000000
270.000000
270.000000
216.000000
324.000000
275.000000
269.000000
321.000000
326.000000
324.000000
270.000000
219.000000
272.000000
276.000000
272.000000
323.000000
323.000000
326.000000
323.000000
392.000000
378.000000
328.000000
326.000000
323.000000
273.000000
269.000000
270.000000
335.000000
269.000000
269.000000
269.000000
272.000000
270.000000
272.000000
269.000000
326.000000
376.000000
328.000000
381.000000
375.000000
381.000000
380.000000
381.000000
380.000000
377.000000
434.000000
440.000000
433.000000
437.000000
323.000000
323.000000
381.000000
327.000000
329.000000
269.000000
269.000000
377.000000
377.000000
323.000000
278.000000
270.000000
270.000000
270.000000
216.000000
215.000000
330.000000
270.000000
329.000000
327.000000
273.000000
270.000000
269.000000
276.000000
390.000000
433.000000
273.000000
269.000000
272.000000
325.000000
270.000000
269.000000
221.000000
215.000000
270.000000
326.000000
322.000000
326.000000
432.000000
377.000000
272.000000
280.000000
323.000000
272.000000
276.000000
272.000000
381.000000
328.000000
327.000000
437.000000
323.000000
323.000000
326.000000
271.000000
216.000000
324.000000
324.000000
323.000000
328.000000
438.000000
326.000000
269.000000
270.000000
270.000000
269.000000
269.000000
323.000000
324.000000
324.000000
327.000000
435.000000
377.000000
273.000000
329.000000
321.000000
12477.000000
323.000000
431.000000
324.000000
323.000000
323.000000
380.000000
381.000000
334.000000
323.000000
216.000000
169.000000
162.000000
216.000000
270.000000
277.000000
323.000000
273.000000
272.000000
270.000000
327.000000
435.000000
323.000000
327.000000
327.000000
275.000000
380.000000
327.000000
425.000000
269.000000
215.000000
321.000000
326.000000
379.000000
380.000000
432.000000
327.000000
330.000000
327.000000
276.000000
270.000000
270.000000
217.000000
219.000000
216.000000
270.000000
215.000000
326.000000
324.000000
326.000000
322.000000
380.000000
327.000000
323.000000
324.000000
323.000000
218.000000
216.000000
269.000000
221.000000
321.000000
168.000000
215.000000
162.000000
161.000000
109.000000
108.000000
216.000000
215.000000
340.000000
329.000000
270.000000
270.000000
331.000000
323.000000
332.000000
323.000000
16005.000000
323.000000
326.000000
269.000000
325.000000
387.000000
276.000000
216.000000
162.000000
272.000000
329.000000
323.000000
273.000000
324.000000
326.000000
324.000000
321.000000
276.000000
273.000000
270.000000
273.000000
323.000000
382.000000
323.000000
270.000000
270.000000
379.000000
383.000000
380.000000
324.000000
324.000000
323.000000
431.000000
383.000000
380.000000
377.000000
377.000000
323.000000
379.000000
380.000000
430.000000
433.000000
381.000000
326.000000
324.000000
380.000000
325.000000
327.000000
272.000000
270.000000
329.000000
382.000000
383.000000
516.000000
433.000000
327.000000
322.000000
322.000000
341.000000
269.000000
270.000000
273.000000
326.000000
322.000000
326.000000
435.000000
322.000000
326.000000
326.000000
327.000000
377.000000
270.000000
213.000000
326.000000
324.000000
437.000000
492.000000
430.000000
380.000000
270.000000
323.000000
333.000000
323.000000
323.000000
331.000000
323.000000
273.000000
324.000000
330.000000
330.000000
323.000000
377.000000
380.000000
434.000000
270.000000
270.000000
380.000000
376.000000
377.000000
8399.000000
377.000000
384.000000
381.000000
377.000000
380.000000
438.000000
488.000000
432.000000
431.000000
453.000000
435.000000
383.000000
433.000000
383.000000
323.000000
324.000000
271.000000
276.000000
323.000000
323.000000
215.000000
273.000000
327.000000
377.000000
385.000000
377.000000
386.000000
384.000000
8409.000000
269.000000
218.000000
273.000000
320.000000
270.000000
326.000000
380.000000
383.000000
322.000000
216.000000
223.000000
273.000000
379.000000
271.000000
276.000000
270.000000
218.000000
219.000000
327.000000
323.000000
324.000000
327.000000
326.000000
376.000000
430.000000
377.000000
379.000000
428.000000
329.000000
390.000000
431.000000
436.000000
380.000000
482.000000
380.000000
377.000000
387.000000
324.000000
326.000000
375.000000
326.000000
321.000000
270.000000
326.000000
374.000000
326.000000
485.000000
485.000000
435.000000
378.000000
323.000000
331.000000
270.000000
270.000000
216.000000
161.000000
161.000000
162.000000
374.000000
326.000000
377.000000
386.000000
377.000000
333.000000
327.000000
432.000000
434.000000
323.000000
323.000000
323.000000
322.000000
322.000000
377.000000
381.000000
332.000000
488.000000
438.000000
381.000000
380.000000
377.000000
324.000000
323.000000
273.000000
379.000000
377.000000
376.000000
269.000000
269.000000
272.000000
269.000000
273.000000
216.000000
280.000000
280.000000
273.000000
379.000000
437.000000
434.000000
216.000000
273.000000
383.000000
378.000000
376.000000
269.000000
216.000000
216.000000
277.000000
321.000000
321.000000
271.000000
215.000000
269.000000
270.000000
323.000000
326.000000
324.000000
323.000000
324.000000
325.000000
326.000000
383.000000
323.000000
326.000000
378.000000
323.000000
323.000000
326.000000
324.000000
323.000000
380.000000
4434.000000
433.000000
430.000000
433.000000
434.000000
323.000000
277.000000
323.000000
380.000000
327.000000
323.000000
270.000000
327.000000
272.000000
270.000000
375.000000
324.000000
324.000000
374.000000
323.000000
216.000000
272.000000
270.000000
269.000000
323.000000
380.000000
380.000000
320.000000
323.000000
325.000000
323.000000
430.000000
326.000000
272.000000
270.000000
329.000000
326.000000
322.000000
324.000000
273.000000
270.000000
269.000000
217.000000
162.000000
162.000000
269.000000
328.000000
326.000000
433.000000
377.000000
273.000000
330.000000
269.000000
273.000000
329.000000
327.000000
429.000000
434.000000
432.000000
380.000000
379.000000
481.000000
326.000000
323.000000
330.000000
380.000000
328.000000
323.000000
384.000000
432.000000
380.000000
323.000000
111.000000
112.000000
162.000000
323.000000
12183.000000
434.000000
438.000000
380.000000
377.000000
377.000000
329.000000
325.000000
320.000000
273.000000
269.000000
269.000000
270.000000
269.000000
274.000000
271.000000
269.000000
377.000000
387.000000
271.000000
267.000000
276.000000
321.000000
380.000000
377.000000
219.000000
218.000000
162.000000
219.000000
219.000000
330.000000
330.000000
330.000000
377.000000
377.000000
269.000000
270.000000
224.000000
326.000000
377.000000
326.000000
327.000000
386.000000
541.000000
323.000000
326.000000
379.000000
323.000000
326.000000
326.000000
275.000000
337.000000
327.000000
325.000000
323.000000
327.000000
323.000000
269.000000
279.000000
326.000000
432.000000
326.000000
327.000000
323.000000
322.000000
377.000000
216.000000
270.000000
428.000000
332.000000
323.000000
327.000000
374.000000
324.000000
324.000000
324.000000
14372.000000
270.000000
274.000000
270.000000
270.000000
224.000000
217.000000
269.000000
380.000000
387.000000
377.000000
218.000000
326.000000
327.000000
273.000000
271.000000
16252.000000
377.000000
381.000000
435.000000
273.000000
269.000000
276.000000
321.000000
326.000000
323.000000
327.000000
379.000000
326.000000
323.000000
269.000000
275.000000
274.000000
276.000000
276.000000
270.000000
320.000000
329.000000
324.000000
325.000000
380.000000
327.000000
380.000000
434.000000
380.000000
333.000000
379.000000
537.000000
383.000000
377.000000
377.000000
433.000000
367.000000
270.000000
271.000000
270.000000
270.000000
269.000000
273.000000
216.000000
215.000000
323.000000
329.000000
322.000000
322.000000
325.000000
323.000000
278.000000
327.000000
323.000000
323.000000
326.000000
430.000000
434.000000
433.000000
437.000000
381.000000
381.000000
431.000000
334.000000
279.000000
273.000000
216.000000
222.000000
216.000000
216.000000
329.000000
383.000000
380.000000
380.000000
275.000000
216.000000
217.000000
165.000000
108.000000
384.000000
274.000000
377.000000
489.000000
380.000000
379.000000
327.000000
325.000000
386.000000
272.000000
270.000000
346.000000
331.000000
323.000000
330.000000
322.000000
270.000000
269.000000
270.000000
325.000000
326.000000
269.000000
323.000000
374.000000
323.000000
273.000000
321.000000
380.000000
381.000000
269.000000
272.000000
356.000000
321.000000
216.000000
433.000000
377.000000
432.000000
432.000000
386.000000
380.000000
270.000000
329.000000
326.000000
323.000000
375.000000
322.000000
322.000000
432.000000
320.000000
327.000000
392.000000
381.000000
428.000000
380.000000
433.000000
381.000000
382.000000
378.000000
273.000000
323.000000
269.000000
388.000000
377.000000
377.000000
431.000000
437.000000
455.000000
434.000000
437.000000
435.000000
434.000000
441.000000
323.000000
324.000000
380.000000
377.000000
374.000000
327.000000
332.000000
323.000000
387.000000
323.000000
377.000000
377.000000
323.000000
12317.000000
381.000000
376.000000
383.000000
383.000000
12365.000000
381.000000
163.000000
269.000000
327.000000
325.000000
379.000000
384.000000
272.000000
276.000000
216.000000
216.000000
217.000000
324.000000
322.000000
326.000000
386.000000
437.000000
488.000000
379.000000
323.000000
11498.000000
377.000000
432.000000
377.000000
269.000000
271.000000
323.000000
273.000000
165.000000
162.000000
326.000000
377.000000
324.000000
324.000000
438.000000
326.000000
270.000000
320.000000
335.000000
274.000000
277.000000
16228.000000
329.000000
327.000000
326.000000
276.000000
269.000000
269.000000
270.000000
269.000000
325.000000
327.000000
219.000000
273.000000
323.000000
325.000000
378.000000
328.000000
324.000000
377.000000
326.000000
219.000000
219.000000
275.000000
216.000000
330.000000
330.000000
324.000000
334.000000
374.000000
276.000000
219.000000
273.000000
326.000000
324.000000
387.000000
377.000000
324.000000
326.000000
323.000000
325.000000
273.000000
270.000000
272.000000
270.000000
330.000000
270.000000
327.000000
275.000000
323.000000
323.000000
330.000000
322.000000
325.000000
16373.000000
322.000000
270.000000
273.000000
166.000000
162.000000
270.000000
324.000000
377.000000
327.000000
213.000000
381.000000
378.000000
327.000000
219.000000
220.000000
217.000000
273.000000
274.000000
270.000000
387.000000
383.000000
269.000000
269.000000
269.000000
330.000000
269.000000
377.000000
330.000000
488.000000
435.000000
270.000000
273.000000
275.000000
271.000000
222.000000
269.000000
384.000000
383.000000
379.000000
377.000000
344.000000
323.000000
323.000000
380.000000
269.000000
276.000000
16390.000000
324.000000
330.000000
381.000000
435.000000
434.000000
378.000000
323.000000
325.000000
323.000000
384.000000
380.000000
327.000000
219.000000
215.000000
219.000000
162.000000
269.000000
216.000000
215.000000
162.000000
431.000000
429.000000
269.000000
272.000000
326.000000
327.000000
326.000000
327.000000
215.000000
219.000000
430.000000
326.000000
327.000000
323.000000
383.000000
377.000000
385.000000
485.000000
431.000000
437.000000
434.000000
484.000000
486.000000
273.000000
165.000000
162.000000
162.000000
270.000000
386.000000
378.000000
269.000000
323.000000
272.000000
270.000000
380.000000
377.000000
380.000000
431.000000
444.000000
439.000000
487.000000
435.000000
434.000000
323.000000
377.000000
283.000000
377.000000
381.000000
378.000000
323.000000
326.000000
380.000000
289.000000
321.000000
269.000000
326.000000
327.000000
428.000000
377.000000
377.000000
435.000000
8407.000000
326.000000
323.000000
269.000000
326.000000
383.000000
389.000000
435.000000
326.000000
323.000000
323.000000
326.000000
376.000000
219.000000
219.000000
216.000000
217.000000
217.000000
216.000000
377.000000
323.000000
326.000000
323.000000
326.000000
323.000000
431.000000
441.000000
216.000000
216.000000
270.000000
326.000000
377.000000
435.000000
324.000000
323.000000
323.000000
273.000000
273.000000
374.000000
331.000000
327.000000
325.000000
381.000000
377.000000
323.000000
12364.000000
377.000000
377.000000
377.000000
379.000000
377.000000
377.000000
434.000000
433.000000
165.000000
162.000000
162.000000
215.000000
216.000000
323.000000
272.000000
16321.000000
323.000000
323.000000
378.000000
428.000000
431.000000
383.000000
216.000000
225.000000
270.000000
270.000000
275.000000
380.000000
378.000000
329.000000
380.000000
270.000000
216.000000
270.000000
221.000000
220.000000
272.000000
327.000000
323.000000
383.000000
333.000000
220.000000
216.000000
271.000000
274.000000
224.000000
224.000000
291.000000
273.000000
327.000000
273.000000
328.000000
269.000000
270.000000
374.000000
324.000000
385.000000
324.000000
327.000000
434.000000
434.000000
430.000000
384.000000
378.000000
383.000000
327.000000
329.000000
213.000000
269.000000
320.000000
269.000000
272.000000
216.000000
219.000000
267.000000
216.000000
383.000000
328.000000
378.000000
326.000000
216.000000
219.000000
323.000000
435.000000
221.000000
20222.000000
269.000000
273.000000
269.000000
215.000000
216.000000
216.000000
431.000000
432.000000
376.000000
379.000000
270.000000
323.000000
323.000000
384.000000
431.000000
378.000000
323.000000
327.000000
324.000000
270.000000
219.000000
275.000000
272.000000
383.000000
327.000000
218.000000
20188.000000
270.000000
219.000000
327.000000
322.000000
269.000000
279.000000
323.000000
270.000000
377.000000
390.000000
378.000000
378.000000
377.000000
324.000000
270.000000
272.000000
277.000000
270.000000
215.000000
216.000000
323.000000
378.000000
377.000000
388.000000
273.000000
323.000000
324.000000
326.000000
441.000000
273.000000
276.000000
272.000000
381.000000
431.000000
327.000000
323.000000
222.000000
327.000000
327.000000
279.000000
485.000000
380.000000
433.000000
434.000000
378.000000
323.000000
323.000000
327.000000
322.000000
323.000000
324.000000
276.000000
378.000000
495.000000
377.000000
438.000000
438.000000
436.000000
437.000000
381.000000
273.000000
270.000000
272.000000
323.000000
381.000000
327.000000
270.000000
276.000000
320.000000
377.000000
386.000000
430.000000
436.000000
435.000000
431.000000
449.000000
435.000000
488.000000
433.000000
326.000000
273.000000
271.000000
321.000000
381.000000
329.000000
323.000000
323.000000
329.000000
270.000000
437.000000
434.000000
330.000000
376.000000
325.000000
329.000000
269.000000
380.000000
286.000000
276.000000
273.000000
383.000000
377.000000
325.000000
330.000000
329.000000
321.000000
286861.000000
437.000000
494.000000
273.000000
272.000000
327.000000
326.000000
345.000000
375.000000
380.000000
323.000000
327.000000
327.000000
216.000000
14926.000000
219.000000
219.000000
222.000000
272.000000
269.000000
273.000000
269.000000
434.000000
380.000000
273.000000
273.000000
380.000000
380.000000
481.000000
379.000000
377.000000
431.000000
537.000000
380.000000
434.000000
434.000000
377.000000
8382.000000
380.000000
377.000000
327.000000
330.000000
324.000000
380.000000
376.000000
491.000000
327.000000
326.000000
215.000000
216.000000
270.000000
377.000000
270.000000
323.000000
269.000000
275.000000
270.000000
218.000000
323.000000
326.000000
333.000000
437.000000
492.000000
431.000000
431.000000
324.000000
271.000000
271.000000
384.000000
377.000000
380.000000
324.000000
327.000000
330.000000
270.000000
270.000000
269.000000
219.000000
220.000000
220.000000
109.000000
330.000000
383.000000
381.000000
381.000000
595.000000
488.000000
439.000000
431.000000
273.000000
380.000000
381.000000
330.000000
378.000000
432.000000
381.000000
6716.000000
330.000000
326.000000
375.000000
324.000000
382.000000
323.000000
270.000000
326.000000
327.000000
323.000000
328.000000
329.000000
330.000000
379.000000
166.000000
378.000000
377.000000
322.000000
329.000000
326.000000
216.000000
220.000000
215.000000
163.000000
162.000000
163.000000
217.000000
213.000000
323.000000
12125.000000
223.000000
216.000000
215.000000
219.000000
273.000000
324.000000
324.000000
330.000000
384.000000
384.000000
438.000000
484.000000
431.000000
4586.000000
477.000000
325.000000
273.000000
273.000000
231.000000
273.000000
270.000000
273.000000
383.000000
275.000000
378.000000
323.000000
327.000000
327.000000
324.000000
384.000000
324.000000
273.000000
378.000000
219.000000
219.000000
276.000000
277.000000
275.000000
273.000000
270.000000
278.000000
327.000000
329.000000
332.000000
330.000000
435.000000
377.000000
269.000000
276.000000
327.000000
322.000000
324.000000
272.000000
326.000000
377.000000
377.000000
381.000000
345.000000
269.000000
270.000000
323.000000
327.000000
324.000000
326.000000
432.000000
489.000000
376.000000
384.000000
374.000000
324.000000
326.000000
432.000000
383.000000
381.000000
384.000000
379.000000
382.000000
380.000000
431.000000
438.000000
488.000000
485.000000
382.000000
377.000000
377.000000
435.000000
377.000000
377.000000
381.000000
326.000000
324.000000
326.000000
384.000000
431.000000
433.000000
217.000000
381.000000
375.000000
323.000000
324.000000
327.000000
378.000000
380.000000
377.000000
333.000000
323.000000
327.000000
161.000000
216.000000
331.000000
324.000000
327.000000
270.000000
272.000000
227.000000
272.000000
16210.000000
269.000000
323.000000
273.000000
275.000000
323.000000
326.000000
273.000000
377.000000
431.000000
402.000000
377.000000
380.000000
377.000000
273.000000
270.000000
275.000000
384.000000
377.000000
324.000000
271.000000
323.000000
326.000000
323.000000
323.000000
324.000000
322.000000
327.000000
323.000000
380.000000
329.000000
323.000000
389.000000
329.000000
323.000000
375.000000
327.000000
324.000000
327.000000
327.000000
270.000000
270.000000
220.000000
270.000000
270.000000
272.000000
434.000000
326.000000
269.000000
323.000000
323.000000
327.000000
324.000000
327.000000
383.000000
333.000000
216.000000
222.000000
324.000000
324.000000
323.000000
326.000000
384.000000
378.000000
326.000000
434.000000
326.000000
323.000000
326.000000
323.000000
323.000000
384.000000
428.000000
322.000000
323.000000
323.000000
166.000000
162.000000
391.000000
216.000000
274.000000
328.000000
270.000000
377.000000
271.000000
278.000000
270.000000
273.000000
323.000000
324.000000
377.000000
381.000000
322.000000
327.000000
273.000000
324.000000
326.000000
323.000000
333.000000
323.000000
380.000000
434.000000
323.000000
326.000000
323.000000
380.000000
269.000000
269.000000
168.000000
216.000000
216.000000
163.000000
216.000000
221.000000
216.000000
218.000000
273.000000
323.000000
216.000000
216.000000
219.000000
323.000000
327.000000
323.000000
380.000000
269.000000
273.000000
272.000000
269.000000
384.000000
327.000000
10671.000000
330.000000
379.000000
267.000000
269.000000
274.000000
219.000000
216.000000
219.000000
220.000000
269.000000
218.000000
326.000000
331.000000
219.000000
273.000000
280.000000
326.000000
379.000000
380.000000
382.000000
162.000000
323.000000
323.000000
326.000000
384.000000
377.000000
381.000000
382.000000
323.000000
325.000000
326.000000
326.000000
324.000000
323.000000
330.000000
431.000000
436.000000
220.000000
269.000000
20255.000000
222.000000
324.000000
381.000000
377.000000
323.000000
270.000000
269.000000
270.000000
269.000000
268.000000
327.000000
323.000000
217.000000
378.000000
380.000000
326.000000
270.000000
219.000000
269.000000
324.000000
326.000000
380.000000
384.000000
162.000000
273.000000
321.000000
276.000000
280.000000
269.000000
219.000000
375.000000
327.000000
218.000000
332.000000
324.000000
323.000000
323.000000
269.000000
273.000000
326.000000
325.000000
269.000000
269.000000
280.000000
326.000000
433.000000
324.000000
326.000000
325.000000
323.000000
324.000000
327.000000
380.000000
377.000000
488.000000
438.000000
380.000000
334.000000
323.000000
324.000000
326.000000
381.000000
323.000000
327.000000
323.000000
269.000000
216.000000
216.000000
218.000000
430.000000
432.000000
378.000000
380.000000
377.000000
381.000000
323.000000
324.000000
275.000000
217.000000
272.000000
276.000000
323.000000
435.000000
376.000000
328.000000
326.000000
326.000000
377.000000
377.000000
386.000000
379.000000
323.000000
270.000000
271.000000
269.000000
272.000000
271.000000
380.000000
388.000000
324.000000
384.000000
377.000000
380.000000
378.000000
324.000000
375.000000
216.000000
216.000000
222.000000
269.000000
323.000000
323.000000
377.000000
221.000000
219.000000
163.000000
219.000000
270.000000
323.000000
326.000000
324.000000
377.000000
380.000000
391.000000
327.000000
269.000000
273.000000
273.000000
272.000000
226.000000
377.000000
278.000000
216.000000
434.000000
272.000000
375.000000
278.000000
271.000000
381.000000
273.000000
376.000000
377.000000
274.000000
273.000000
328.000000
323.000000
324.000000
435.000000
379.000000
431.000000
326.000000
275.000000
272.000000
323.000000
323.000000
323.000000
323.000000
323.000000
324.000000
326.000000
273.000000
269.000000
323.000000
380.000000
377.000000
431.000000
434.000000
324.000000
323.000000
378.000000
321.000000
325.000000
270.000000
273.000000
277.000000
271.000000
269.000000
378.000000
8429.000000
326.000000
377.000000
380.000000
280.000000
323.000000
321.000000
270.000000
434.000000
380.000000
324.000000
327.000000
380.000000
323.000000
380.000000
382.000000
273.000000
329.000000
326.000000
383.000000
215.000000
277.000000
270.000000
270.000000
272.000000
273.000000
270.000000
162.000000
270.000000
325.000000
327.000000
441.000000
433.000000
443.000000
269.000000
269.000000
226.000000
322.000000
324.000000
333.000000
216.000000
215.000000
216.000000
217.000000
268.000000
327.000000
378.000000
323.000000
323.000000
430.000000
434.000000
441.000000
330.000000
434.000000
323.000000
326.000000
479.000000
378.000000
376.000000
384.000000
273.000000
219.000000
219.000000
216.000000
215.000000
272.000000
269.000000
276.000000
275.000000
381.000000
381.000000
377.000000
324.000000
323.000000
162.000000
165.000000
165.000000
161.000000
269.000000
428.000000
277.000000
220.000000
216.000000
426.000000
216.000000
216.000000
327.000000
431.000000
430.000000
437.000000
430.000000
323.000000
163.000000
223.000000
220.000000
269.000000
272.000000
221.000000
323.000000
327.000000
330.000000
374.000000
380.000000
376.000000
379.000000
273.000000
15504.000000
326.000000
323.000000
327.000000
327.000000
273.000000
276.000000
219.000000
219.000000
324.000000
327.000000
273.000000
270.000000
269.000000
271.000000
270.000000
269.000000
216.000000
327.000000
327.000000
380.000000
393.000000
276.000000
270.000000
326.000000
377.000000
535.000000
434.000000
437.000000
431.000000
325.000000
326.000000
215.000000
163.000000
325.000000
269.000000
374.000000
323.000000
380.000000
380.000000
379.000000
328.000000
1018.000000
330.000000
323.000000
324.000000
434.000000
431.000000
323.000000
330.000000
377.000000
377.000000
8556.000000
432.000000
430.000000
326.000000
324.000000
334.000000
273.000000
273.000000
16237.000000
324.000000
327.000000
12246.000000
492.000000
324.000000
436.000000
431.000000
272.000000
269.000000
381.000000
383.000000
484.000000
381.000000
219.000000
215.000000
271.000000
216.000000
329.000000
488.000000
270.000000
216.000000
108.000000
216.000000
323.000000
327.000000
324.000000
323.000000
377.000000
329.000000
271.000000
219.000000
273.000000
377.000000
380.000000
438.000000
434.000000
485.000000
491.000000
586.000000
432.000000
374.000000
221.000000
275.000000
277.000000
323.000000
430.000000
437.000000
282.000000
269.000000
269.000000
278.000000
327.000000
377.000000
327.000000
326.000000
14925.000000
380.000000
380.000000
377.000000
323.000000
386.000000
327.000000
323.000000
326.000000
326.000000
326.000000
272.000000
276.000000
269.000000
377.000000
377.000000
378.000000
376.000000
384.000000
330.000000
326.000000
275.000000
273.000000
270.000000
383.000000
325.000000
275.000000
270.000000
276.000000
272.000000
215.000000
432.000000
378.000000
345.000000
327.000000
323.000000
323.000000
274.000000
273.000000
271.000000
220.000000
216.000000
215.000000
328.000000
326.000000
374.000000
330.000000
324.000000
322.000000
326.000000
323.000000
324.000000
271.000000
377.000000
327.000000
328.000000
323.000000
380.000000
376.000000
376.000000
269.000000
276.000000
272.000000
327.000000
325.000000
272.000000
272.000000
326.000000
326.000000
377.000000
489.000000
328.000000
327.000000
380.000000
379.000000
377.000000
323.000000
433.000000
326.000000
323.000000
327.000000
330.000000
379.000000
380.000000
377.000000
381.000000
380.000000
378.000000
380.000000
420.000000
433.000000
377.000000
377.000000
377.000000
374.000000
278.000000
330.000000
338.000000
326.000000
326.000000
327.000000
326.000000
324.000000
323.000000
333.000000
384.000000
162.000000
270.000000
323.000000
270.000000
269.000000
269.000000
325.000000
377.000000
383.000000
269.000000
273.000000
216.000000
272.000000
273.000000
269.000000
269.000000
329.000000
273.000000
215.000000
270.000000
278.000000
327.000000
328.000000
321.000000
326.000000
270.000000
273.000000
273.000000
324.000000
437.000000
327.000000
279.000000
269.000000
327.000000
429.000000
377.000000
217.000000
243.000000
270.000000
280.000000
269.000000
270.000000
324.000000
270.000000
275.000000
382.000000
273.000000
378.000000
376.000000
377.000000
329.000000
323.000000
273.000000
216.000000
376.000000
322.000000
12217.000000
381.000000
332.000000
436.000000
323.000000
376.000000
379.000000
381.000000
433.000000
379.000000
324.000000
333.000000
330.000000
220.000000
168.000000
216.000000
402.000000
269.000000
283.000000
430.000000
380.000000
381.000000
390.000000
327.000000
274.000000
320.000000
379.000000
377.000000
378.000000
381.000000
377.000000
377.000000
434.000000
430.000000
434.000000
387.000000
269.000000
274.000000
269.000000
162.000000
162.000000
216.000000
215.000000
269.000000
377.000000
479.000000
383.000000
327.000000
323.000000
323.000000
270.000000
218.000000
323.000000
434.000000
434.000000
433.000000
431.000000
431.000000
432.000000
276.000000
276.000000
219.000000
378.000000
327.000000
269.000000
329.000000
218.000000
274.000000
273.000000
326.000000
343.000000
381.000000
377.000000
327.000000
9634.000000
380.000000
433.000000
323.000000
327.000000
270.000000
14287.000000
327.000000
273.000000
323.000000
270.000000
377.000000
431.000000
537.000000
434.000000
429.000000
376.000000
387.000000
380.000000
379.000000
239.000000
324.000000
332.000000
376.000000
323.000000
217.000000
219.000000
434.000000
327.000000
323.000000
327.000000
328.000000
326.000000
324.000000
431.000000
384.000000
382.000000
380.000000
324.000000
270.000000
324.000000
329.000000
327.000000
430.000000
485.000000
734.000000
328.000000
381.000000
375.000000
325.000000
270.000000
324.000000
377.000000
383.000000
333.000000
377.000000
377.000000
273.000000
273.000000
270.000000
271.000000
269.000000
323.000000
327.000000
273.000000
271.000000
380.000000
377.000000
383.000000
384.000000
275.000000
269.000000
164.000000
162.000000
162.000000
216.000000
273.000000
271.000000
322.000000
217.000000
378.000000
376.000000
376.000000
380.000000
377.000000
327.000000
269.000000
273.000000
273.000000
216.000000
222.000000
216.000000
269.000000
272.000000
269.000000
432.000000
269.000000
269.000000
215.000000
218.000000
218.000000
376.000000
380.000000
380.000000
323.000000
323.000000
323.000000
326.000000
273.000000
323.000000
276565.000000
219.000000
215.000000
276.000000
222.000000
269.000000
381.000000
435.000000
431.000000
432.000000
431.000000
380.000000
376.000000
324.000000
431.000000
430.000000
482.000000
487.000000
377.000000
379.000000
380.000000
323.000000
327.000000
429.000000
323.000000
328.000000
326.000000
270.000000
276.000000
270.000000
376.000000
485.000000
430.000000
323.000000
323.000000
380.000000
330.000000
434.000000
269.000000
273.000000
272.000000
272.000000
269.000000
270.000000
275.000000
374.000000
271.000000
220.000000
216.000000
326.000000
323.000000
327.000000
323.000000
276.000000
380.000000
327.000000
269.000000
272.000000
330.000000
273.000000
271.000000
16302.000000
165.000000
222.000000
216.000000
219.000000
216.000000
269.000000
269.000000
270.000000
216.000000
323.000000
323.000000
379.000000
380.000000
326.000000
323.000000
437.000000
377.000000
272.000000
270.000000
271.000000
273.000000
325.000000
380.000000
427.000000
326.000000
377.000000
376.000000
380.000000
441.000000
485.000000
431.000000
323.000000
384.000000
327.000000
383.000000
324.000000
270.000000
270.000000
273.000000
269.000000
440.000000
437.000000
377.000000
384.000000
326.000000
326.000000
328.000000
327.000000
325.000000
216.000000
219.000000
218.000000
383.000000
323.000000
270.000000
324.000000
271.000000
328.000000
273.000000
269.000000
216.000000
217.000000
274.000000
270.000000
323.000000
382.000000
379.000000
432.000000
380.000000
325.000000
324.000000
377.000000
324.000000
377.000000
380.000000
383.000000
377.000000
225.000000
441.000000
381.000000
429.000000
323.000000
326.000000
322.000000
429.000000
380.000000
324.000000
270.000000
216.000000
216.000000
216.000000
270.000000
269.000000
271.000000
270.000000
273.000000
270.000000
327.000000
325.000000
323.000000
328.000000
279.000000
271.000000
273.000000
269.000000
216.000000
216.000000
216.000000
224.000000
226.000000
427.000000
328.000000
375.000000
276.000000
276.000000
271.000000
215.000000
218.000000
269.000000
269.000000
274.000000
326.000000
380.000000
490.000000
322.000000
383.000000
380.000000
325.000000
269.000000
281153.000000
378.000000
270.000000
339.000000
272.000000
275.000000
273.000000
328.000000
271.000000
275.000000
322.000000
273.000000
269.000000
330.000000
380.000000
377.000000
428.000000
327.000000
270.000000
380.000000
377.000000
377.000000
428.000000
377.000000
324.000000
272.000000
272.000000
324.000000
330.000000
329.000000
323.000000
326.000000
269.000000
325.000000
216.000000
326.000000
270.000000
219.000000
220.000000
224.000000
219.000000
270.000000
323.000000
269.000000
323.000000
332.000000
326.000000
327.000000
323.000000
215.000000
162.000000
216.000000
324.000000
325.000000
435.000000
377.000000
380.000000
326.000000
323.000000
326.000000
323.000000
164.000000
488.000000
269.000000
276.000000
219.000000
219.000000
220.000000
435.000000
434.000000
435.000000
488.000000
484.000000
379.000000
377.000000
433.000000
380.000000
436.000000
384.000000
382.000000
379.000000
377.000000
380.000000
384.000000
489.000000
379.000000
327.000000
323.000000
269.000000
270.000000
219.000000
325.000000
325.000000
328.000000
324.000000
326.000000
377.000000
377.000000
330.000000
326.000000
217.000000
276.000000
274.000000
325.000000
276.000000
378.000000
383.000000
376.000000
428.000000
381.000000
428.000000
326.000000
322.000000
384.000000
442.000000
270.000000
376.000000
377.000000
379.000000
377.000000
321.000000
433.000000
325.000000
269.000000
327.000000
216.000000
215.000000
215.000000
20212.000000
215.000000
216.000000
271.000000
270.000000
269.000000
324.000000
378.000000
431.000000
436.000000
433.000000
267.000000
267.000000
380.000000
377.000000
326.000000
498.000000
436.000000
377.000000
432.000000
380.000000
428.000000
377.000000
273.000000
327.000000
270.000000
327.000000
215.000000
217.000000
216.000000
161.000000
162.000000
274.000000
326.000000
326.000000
387.000000
166.000000
219.000000
216.000000
216.000000
327.000000
323.000000
374.000000
326.000000
326.000000
328.000000
487.000000
329.000000
323.000000
377.000000
486.000000
377.000000
325.000000
331.000000
273.000000
12328.000000
273.000000
269.000000
271.000000
270.000000
270.000000
273.000000
428.000000
323.000000
331.000000
330.000000
329.000000
327.000000
269.000000
323.000000
438.000000
434.000000
431.000000
488.000000
490.000000
497.000000
330.000000
377.000000
380.000000
377.000000
479.000000
430.000000
463.000000
381.000000
376.000000
323.000000
339.000000
324.000000
323.000000
276.000000
378.000000
322.000000
273.000000
329.000000
327.000000
323.000000
323.000000
325.000000
382.000000
380.000000
377.000000
498.000000
331.000000
326.000000
323.000000
323.000000
376.000000
270.000000
323.000000
386.000000
430.000000
381.000000
377.000000
380.000000
438.000000
435.000000
377.000000
378.000000
381.000000
327.000000
323.000000
323.000000
269.000000
269.000000
272.000000
275.000000
320.000000
162.000000
165.000000
165.000000
216.000000
218.000000
215.000000
439.000000
438.000000
335.000000
327.000000
326.000000
323.000000
272.000000
269.000000
276.000000
272.000000
216.000000
269.000000
269.000000
269.000000
326.000000
269.000000
270.000000
270.000000
276.000000
217.000000
323.000000
323.000000
326.000000
323.000000
374.000000
329.000000
327.000000
324.000000
329.000000
437.000000
380.000000
431.000000
376.000000
323.000000
323.000000
353.000000
326.000000
380.000000
430.000000
377.000000
330.000000
273.000000
270.000000
327.000000
276.000000
329.000000
326.000000
488.000000
434.000000
377.000000
273.000000
215.000000
216.000000
215.000000
278.000000
273.000000
378.000000
381.000000
385.000000
377.000000
108.000000
219.000000
218.000000
267.000000
216.000000
272.000000
215.000000
326.000000
323.000000
323.000000
375.000000
387.000000
387.000000
377.000000
377.000000
324.000000
327.000000
269.000000
270.000000
269.000000
327.000000
11499.000000
241.000000
269.000000
276.000000
273.000000
271.000000
381.000000
383.000000
270.000000
269.000000
269.000000
327.000000
270.000000
276.000000
273.000000
269.000000
273.000000
378.000000
273.000000
216.000000
216.000000
270.000000
382.000000
221.000000
270.000000
269.000000
270.000000
272.000000
377.000000
384.000000
323.000000
277.000000
326.000000
428.000000
273.000000
273.000000
273.000000
273.000000
428.000000
379.000000
380.000000
324.000000
323.000000
330.000000
325.000000
323.000000
387.000000
384.000000
380.000000
378.000000
382.000000
381.000000
221.000000
216.000000
275.000000
277.000000
16307.000000
381.000000
425.000000
324.000000
326.000000
269.000000
324.000000
382.000000
324.000000
384.000000
376.000000
273.000000
270.000000
219.000000
219.000000
220.000000
225.000000
272.000000
326.000000
323.000000
323.000000
326.000000
327.000000
324.000000
222.000000
220.000000
216.000000
274.000000
219.000000
269.000000
273.000000
273.000000
383.000000
434.000000
378.000000
428.000000
380.000000
412.000000
381.000000
433.000000
382.000000
376.000000
378.000000
330.000000
380.000000
384.000000
381.000000
269.000000
333.000000
437.000000
324.000000
327.000000
269.000000
271.000000
276.000000
324.000000
276.000000
269.000000
377.000000
383.000000
323.000000
325.000000
219.000000
271.000000
377.000000
326.000000
384.000000
269.000000
269.000000
272.000000
438.000000
380.000000
379.000000
323.000000
266585.000000
270.000000
162.000000
217.000000
216.000000
269.000000
325.000000
327.000000
439.000000
438.000000
375.000000
327.000000
325.000000
216.000000
223.000000
219.000000
275.000000
322.000000
431.000000
379.000000
269.000000
216.000000
240.000000
218.000000
219.000000
216.000000
377.000000
378.000000
381.000000
430.000000
387.000000
327.000000
323.000000
269.000000
434.000000
380.000000
387.000000
377.000000
323.000000
273.000000
271.000000
330.000000
269.000000
380.000000
380.000000
273.000000
327.000000
323.000000
220.000000
273.000000
275.000000
267.000000
326.000000
487.000000
487.000000
438.000000
498.000000
430.000000
440.000000
431.000000
432.000000
428.000000
325.000000
323.000000
376.000000
323.000000
323.000000
374.000000
379.000000
330.000000
273.000000
327.000000
377.000000
378.000000
430.000000
380.000000
383.000000
438.000000
437.000000
440.000000
434.000000
384.000000
377.000000
277.000000
276.000000
375.000000
269.000000
269.000000
327.000000
323.000000
384.000000
384.000000
381.000000
434.000000
381.000000
377.000000
323.000000
325.000000
326.000000
12260.000000
378.000000
383.000000
381.000000
382.000000
381.000000
8507.000000
384.000000
377.000000
428.000000
377.000000
378.000000
382.000000
382.000000
434.000000
276.000000
273.000000
324.000000
273.000000
272.000000
323.000000
376.000000
324.000000
322.000000
333.000000
326.000000
384.000000
295.000000
326.000000
323.000000
326.000000
430.000000
429.000000
381.000000
377.000000
330.000000
327.000000
379.000000
380.000000
326.000000
326.000000
376.000000
323.000000
13195.000000
16715.000000
211.000000
325.000000
326.000000
323.000000
164.000000
162.000000
165.000000
162.000000
484.000000
430.000000
434.000000
379.000000
429.000000
436.000000
380.000000
273.000000
273.000000
267.000000
267.000000
273.000000
270.000000
386.000000
380.000000
374.000000
377.000000
380.000000
328.000000
326.000000
331.000000
331.000000
327.000000
328.000000
326.000000
381.000000
378.000000
326.000000
383.000000
376.000000
327.000000
323.000000
333.000000
323.000000
439.000000
323.000000
272.000000
273.000000
270.000000
278.000000
383.000000
377.000000
330.000000
323.000000
270.000000
269.000000
326.000000
323.000000
323.000000
380.000000
383.000000
376.000000
379.000000
487.000000
434.000000
430.000000
481.000000
380.000000
380.000000
380.000000
377.000000
381.000000
402.000000
434.000000
436.000000
432.000000
323.000000
324.000000
377.000000
378.000000
330.000000
324.000000
326.000000
270.000000
273.000000
325.000000
330.000000
377.000000
326.000000
324.000000
380.000000
378.000000
323.000000
327.000000
323.000000
228.000000
12270.000000
380.000000
276.000000
272.000000
223.000000
216.000000
218.000000
271.000000
328.000000
331.000000
326.000000
323.000000
327.000000
435.000000
434.000000
430.000000
326.000000
326.000000
272.000000
328.000000
323.000000
271.000000
273.000000
376.000000
377.000000
324.000000
216.000000
273.000000
288.000000
270.000000
269.000000
328.000000
323.000000
325.000000
272.000000
215.000000
269.000000
270.000000
270.000000
434.000000
377.000000
324.000000
323.000000
324.000000
271.000000
269.000000
277.000000
270.000000
330.000000
377.000000
378.000000
327.000000
377.000000
377.000000
381.000000
331.000000
269.000000
269.000000
323.000000
323.000000
326.000000
327.000000
215.000000
220.000000
270.000000
273.000000
324.000000
273.000000
323.000000
269.000000
271.000000
327.000000
276.000000
324.000000
326.000000
380.000000
378.000000
162.000000
217.000000
162.000000
219.000000
383.000000
434.000000
270.000000
272.000000
269.000000
431.000000
333.000000
377.000000
270.000000
273.000000
431.000000
162.000000
384.000000
376.000000
216.000000
216.000000
322.000000
377.000000
272.000000
327.000000
327.000000
326.000000
330.000000
321.000000
442.000000
431.000000
392.000000
377.000000
12397.000000
269.000000
269.000000
277.000000
269.000000
386.000000
388.000000
377.000000
382.000000
323.000000
326.000000
326.000000
440.000000
4954.000000
428.000000
381.000000
330.000000
217.000000
215.000000
377.000000
216.000000
326.000000
324.000000
322.000000
540.000000
433.000000
437.000000
385.000000
377.000000
329.000000
326.000000
273.000000
216.000000
219.000000
217.000000
216.000000
379.000000
382.000000
482.000000
490.000000
486.000000
496.000000
496.000000
376.000000
377.000000
437.000000
434.000000
435.000000
435.000000
482.000000
431.000000
431.000000
380.000000
381.000000
258784.000000
324.000000
324.000000
383.000000
334.000000
333.000000
276.000000
273.000000
324.000000
330.000000
269.000000
270.000000
272.000000
325.000000
323.000000
326.000000
321.000000
325.000000
327.000000
325.000000
323.000000
377.000000
8336.000000
437.000000
431.000000
381.000000
218.000000
215.000000
223.000000
275.000000
270.000000
273.000000
270.000000
270.000000
274.000000
216.000000
162.000000
271.000000
282.000000
323.000000
329.000000
324.000000
270.000000
270.000000
272.000000
323.000000
324.000000
378.000000
441.000000
267.000000
216.000000
217.000000
216.000000
215.000000
219.000000
332.000000
324.000000
434.000000
498.000000
269.000000
273.000000
269.000000
326.000000
377.000000
323.000000
323.000000
384.000000
466.000000
377.000000
380.000000
326.000000
168.000000
381.000000
383.000000
377.000000
333.000000
216.000000
216.000000
218.000000
325.000000
379.000000
383.000000
8471.000000
330.000000
430.000000
377.000000
377.000000
273.000000
377.000000
377.000000
492.000000
431.000000
326.000000
323.000000
326.000000
324.000000
216.000000
271.000000
269.000000
269.000000
326.000000
269.000000
273.000000
326.000000
374.000000
323.000000
327.000000
324.000000
327.000000
376.000000
431.000000
382.000000
323.000000
380.000000
428.000000
324.000000
432.000000
378.000000
380.000000
376.000000
379.000000
384.000000
323.000000
324.000000
324.000000
330.000000
219.000000
216.000000
219.000000
20301.000000
326.000000
377.000000
433.000000
276.000000
325.000000
269.000000
272.000000
216.000000
219.000000
20580.000000
216.000000
270.000000
276.000000
272.000000
323.000000
326.000000
216.000000
216.000000
215.000000
219.000000
276.000000
323.000000
6220.000000
330.000000
384.000000
380.000000
380.000000
385.000000
332.000000
377.000000
381.000000
379.000000
378.000000
325.000000
326.000000
331.000000
326.000000
385.000000
381.000000
379.000000
431.000000
379.000000
333.000000
327.000000
270.000000
273.000000
271.000000
270.000000
269.000000
269.000000
274.000000
269.000000
324.000000
326.000000
277.000000
323.000000
272.000000
270.000000
273.000000
380.000000
485.000000
384.000000
323.000000
323.000000
326.000000
434.000000
435.000000
431.000000
270.000000
379.000000
378.000000
322.000000
336.000000
216.000000
269.000000
269.000000
322.000000
328.000000
324.000000
327.000000
324.000000
381.000000
377.000000
380.000000
379.000000
270.000000
219.000000
271.000000
276.000000
270.000000
290.000000
270.000000
324.000000
272.000000
273.000000
321.000000
216.000000
216.000000
271.000000
226.000000
219.000000
272.000000
324.000000
323.000000
323.000000
326.000000
275.000000
269.000000
271.000000
273.000000
380.000000
275.000000
334.000000
326.000000
323.000000
327.000000
270.000000
275.000000
269.000000
269.000000
275.000000
326.000000
327.000000
326.000000
328.000000
326.000000
275.000000
387.000000
382.000000
380.000000
382.000000
386.000000
384.000000
383.000000
437.000000
430.000000
270.000000
220.000000
217.000000
169.000000
219.000000
383.000000
431.000000
377.000000
496.000000
434.000000
323.000000
326.000000
324.000000
428.000000
380.000000
377.000000
272.000000
274.000000
215.000000
324.000000
324.000000
429.000000
437.000000
431.000000
431.000000
485.000000
438.000000
438.000000
437.000000
437.000000
430.000000
326.000000
280.000000
271.000000
273.000000
279.000000
275.000000
336.000000
326.000000
378.000000
374.000000
323.000000
380.000000
273.000000
270.000000
273.000000
326.000000
333.000000
327.000000
326.000000
326.000000
323.000000
380.000000
376.000000
340.000000
323.000000
326.000000
329.000000
273.000000
276.000000
273.000000
276.000000
376.000000
323.000000
329.000000
324.000000
324.000000
326.000000
383.000000
377.000000
376.000000
324.000000
323.000000
323.000000
326.000000
327.000000
165.000000
381.000000
215.000000
215.000000
270.000000
269.000000
269.000000
270.000000
269.000000
271.000000
377.000000
327.000000
330.000000
326.000000
273.000000
271.000000
333.000000
330.000000
323.000000
323.000000
381.000000
325.000000
271.000000
322.000000
323.000000
323.000000
328.000000
382.000000
272.000000
269.000000
269.000000
270.000000
273.000000
323.000000
323.000000
379.000000
383.000000
435.000000
380.000000
431.000000
376.000000
381.000000
387.000000
272.000000
326.000000
326.000000
327.000000
380.000000
377.000000
8365.000000
326.000000
11192.000000
437.000000
323.000000
270.000000
270.000000
270.000000
326.000000
377.000000
380.000000
393.000000
377.000000
326.000000
275.000000
12370.000000
384.000000
431.000000
323.000000
269.000000
389.000000
377.000000
330.000000
323.000000
273.000000
323.000000
239.000000
273.000000
224.000000
324.000000
334.000000
380.000000
327.000000
435.000000
219.000000
216.000000
219.000000
395.000000
329.000000
12314.000000
270.000000
273.000000
430.000000
431.000000
327.000000
327.000000
323.000000
270.000000
270.000000
269.000000
323.000000
329.000000
323.000000
328.000000
323.000000
376.000000
377.000000
429.000000
376.000000
376.000000
377.000000
382.000000
430.000000
389.000000
327.000000
378.000000
381.000000
323.000000
323.000000
269.000000
273.000000
274.000000
270.000000
273.000000
270.000000
269.000000
272.000000
324.000000
328.000000
323.000000
12309.000000
326.000000
327.000000
12363.000000
379.000000
440.000000
430.000000
323.000000
326.000000
380.000000
435.000000
324.000000
323.000000
377.000000
384.000000
377.000000
377.000000
326.000000
218.000000
216.000000
270.000000
326.000000
323.000000
382.000000
273.000000
272.000000
329.000000
269.000000
434.000000
442.000000
329.000000
273.000000
270.000000
276.000000
269.000000
16055.000000
324.000000
328.000000
333.000000
436.000000
439.000000
431.000000
382.000000
329.000000
275.000000
269.000000
270.000000
225.000000
270.000000
277.000000
273.000000
271.000000
269.000000
324.000000
326.000000
326.000000
324.000000
383.000000
431.000000
379.000000
434.000000
429.000000
279.000000
381.000000
383.000000
270.000000
269.000000
215.000000
223.000000
216.000000
273.000000
162.000000
109.000000
162.000000
216.000000
109.000000
219.000000
274.000000
273.000000
162.000000
375.000000
216.000000
216.000000
269.000000
324.000000
324.000000
387.000000
273.000000
270.000000
216.000000
272.000000
269.000000
324.000000
324.000000
331.000000
329.000000
326.000000
324.000000
380.000000
387.000000
437.000000
380.000000
382.000000
377.000000
277.000000
381.000000
380.000000
377.000000
279.000000
323.000000
437.000000
324.000000
323.000000
385.000000
484.000000
433.000000
430.000000
323.000000
325.000000
326.000000
330.000000
323.000000
326.000000
377.000000
380.000000
216.000000
215.000000
219.000000
327.000000
326.000000
328.000000
270.000000
375.000000
277.000000
331.000000
327.000000
323.000000
269.000000
325.000000
377.000000
376.000000
324.000000
323.000000
323.000000
381.000000
377.000000
380.000000
383.000000
327.000000
323.000000
380.000000
377.000000
269.000000
375.000000
326.000000
386.000000
326.000000
272.000000
377.000000
324.000000
270.000000
276.000000
275.000000
377.000000
377.000000
486.000000
269.000000
164.000000
162.000000
217.000000
326.000000
381.000000
378.000000
380.000000
339.000000
384.000000
328.000000
377.000000
388.000000
384.000000
381.000000
377.000000
382.000000
327.000000
217.000000
219.000000
321.000000
325.000000
377.000000
279.000000
269.000000
272.000000
273.000000
272.000000
277.000000
273.000000
220.000000
276.000000
327.000000
324.000000
327.000000
381.000000
380.000000
272.000000
272.000000
323.000000
326.000000
324.000000
216.000000
219.000000
378.000000
323.000000
282.000000
165.000000
221.000000
270.000000
270.000000
273.000000
273.000000
270.000000
219.000000
219.000000
380.000000
273.000000
269.000000
269.000000
273.000000
216.000000
277.000000
276.000000
270.000000
282.000000
269.000000
274.000000
272.000000
276.000000
330.000000
438.000000
216.000000
270.000000
276.000000
270.000000
273.000000
277.000000
272.000000
437.000000
486.000000
381.000000
323.000000
328.000000
374.000000
276.000000
271.000000
269.000000
377.000000
377.000000
435.000000
386.000000
435.000000
380.000000
377.000000
332.000000
381.000000
273.000000
273.000000
215.000000
216.000000
215.000000
378.000000
434.000000
434.000000
382.000000
216.000000
163.000000
216.000000
223.000000
162.000000
384.000000
380.000000
380.000000
330.000000
275.000000
325.000000
377.000000
381.000000
380.000000
335.000000
377.000000
377.000000
273.000000
327.000000
324.000000
323.000000
273.000000
12405.000000
285690.000000
272.000000
17444.000000
215.000000
219.000000
162.000000
163.000000
109.000000
109.000000
324.000000
326.000000
269.000000
328.000000
329.000000
323.000000
398.000000
270.000000
222.000000
269.000000
275.000000
276.000000
270.000000
269.000000
379.000000
376.000000
377.000000
435.000000
442.000000
215.000000
215.000000
162.000000
161.000000
112.000000
273.000000
273.000000
325.000000
383.000000
323.000000
270.000000
323.000000
325.000000
374.000000
327.000000
324.000000
216.000000
273.000000
269.000000
434.000000
271.000000
269.000000
216.000000
273.000000
270.000000
270.000000
380.000000
377.000000
326.000000
380.000000
377.000000
8311.000000
431.000000
330.000000
387.000000
390.000000
377.000000
331.000000
273.000000
280.000000
269.000000
328.000000
330.000000
216.000000
219.000000
162.000000
381.000000
384.000000
269.000000
269.000000
216.000000
270.000000
280.000000
270.000000
377.000000
377.000000
324.000000
327.000000
269.000000
379.000000
323.000000
384.000000
327.000000
380.000000
377.000000
384.000000
397.000000
390.000000
326.000000
326.000000
323.000000
273.000000
220.000000
270.000000
270.000000
16243.000000
219.000000
219.000000
271.000000
269.000000
276.000000
276.000000
222.000000
270.000000
380.000000
377.000000
376.000000
325.000000
273.000000
270.000000
269.000000
434.000000
377.000000
377.000000
269.000000
163.000000
323.000000
327.000000
283415.000000
269.000000
326.000000
323.000000
377.000000
380.000000
437.000000
377.000000
431.000000
323.000000
323.000000
323.000000
330.000000
323.000000
323.000000
323.000000
377.000000
435.000000
431.000000
378.000000
329.000000
323.000000
376.000000
326.000000
330.000000
324.000000
383.000000
434.000000
488.000000
388.000000
433.000000
430.000000
434.000000
484.000000
432.000000
326.000000
374.000000
323.000000
270.000000
269.000000
332.000000
327.000000
270.000000
271.000000
324.000000
273.000000
273.000000
272.000000
270.000000
219.000000
216.000000
270.000000
272.000000
269.000000
323.000000
322.000000
325.000000
269.000000
377.000000
382.000000
222.000000
405.000000
380.000000
216.000000
266.000000
220.000000
326.000000
326.000000
270.000000
216.000000
219.000000
275.000000
330.000000
323.000000
377.000000
431.000000
431.000000
434.000000
287.000000
428.000000
272.000000
272.000000
215.000000
326.000000
326.000000
325.000000
323.000000
378.000000
272.000000
216.000000
216.000000
380.000000
327.000000
273.000000
216.000000
216.000000
274.000000
271.000000
269.000000
269.000000
273.000000
273.000000
270.000000
386.000000
380.000000
380.000000
215.000000
215.000000
269.000000
270.000000
272.000000
377.000000
327.000000
327.000000
323.000000
380.000000
323.000000
287.000000
449.000000
327.000000
330.000000
326.000000
323.000000
326.000000
275.000000
216.000000
287685.000000
8346.000000
377.000000
434.000000
380.000000
327.000000
323.000000
323.000000
323.000000
327.000000
383.000000
378.000000
269.000000
219.000000
219.000000
270.000000
324.000000
324.000000
327.000000
323.000000
323.000000
436.000000
381.000000
331.000000
381.000000
377.000000
272.000000
269.000000
327.000000
327.000000
269.000000
271.000000
273.000000
323.000000
323.000000
328.000000
435.000000
382.000000
384.000000
168.000000
381.000000
380.000000
377.000000
327.000000
215.000000
215.000000
324.000000
269.000000
276.000000
270.000000
272.000000
270.000000
323.000000
331.000000
270.000000
273.000000
377.000000
374.000000
377.000000
428.000000
323.000000
328.000000
380.000000
216.000000
219.000000
270.000000
276.000000
269.000000
269.000000
269.000000
324.000000
323.000000
324.000000
325.000000
330.000000
326.000000
377.000000
377.000000
377.000000
378.000000
377.000000
328.000000
324.000000
269.000000
269.000000
321.000000
267.000000
270.000000
376.000000
221.000000
163.000000
270.000000
390.000000
380.000000
382.000000
380.000000
377.000000
374.000000
326.000000
332.000000
325.000000
219.000000
277.000000
327.000000
323.000000
273.000000
269.000000
271.000000
273.000000
324.000000
380.000000
428.000000
431.000000
380.000000
376.000000
435.000000
377.000000
329.000000
324.000000
324.000000
385.000000
323.000000
272.000000
382.000000
333.000000
377.000000
323.000000
326.000000
323.000000
379.000000
380.000000
380.000000
438.000000
437.000000
380.000000
378.000000
330.000000
326.000000
216.000000
162.000000
220.000000
326.000000
436.000000
441.000000
433.000000
434.000000
430.000000
489.000000
434.000000
216.000000
216.000000
215.000000
324.000000
381.000000
435.000000
430.000000
380.000000
380.000000
379.000000
269.000000
273.000000
279.000000
273.000000
273.000000
333.000000
278.000000
282706.000000
326.000000
325.000000
384.000000
383.000000
323.000000
327.000000
323.000000
323.000000
382.000000
269.000000
320.000000
216.000000
216.000000
219.000000
217.000000
219.000000
216.000000
222.000000
326.000000
272.000000
273.000000
218.000000
215.000000
216.000000
275.000000
329.000000
430.000000
434.000000
430.000000
375.000000
380.000000
380.000000
381.000000
382.000000
270.000000
378.000000
384.000000
380.000000
431.000000
323.000000
380.000000
381.000000
273.000000
270.000000
216.000000
162.000000
222.000000
215.000000
216.000000
216.000000
280.000000
438.000000
437.000000
484.000000
380.000000
431.000000
323.000000
270.000000
165.000000
162.000000
323.000000
270.000000
380.000000
329.000000
269.000000
274.000000
268.000000
323.000000
377.000000
384.000000
377.000000
381.000000
326.000000
273.000000
273.000000
325.000000
323.000000
162.000000
267.000000
269.000000
269.000000
271.000000
377.000000
380.000000
326.000000
381.000000
330.000000
323.000000
323.000000
377.000000
489.000000
323.000000
326.000000
323.000000
434.000000
430.000000
430.000000
482.000000
431.000000
433.000000
324.000000
323.000000
273.000000
406.000000
390.000000
704.000000
431.000000
431.000000
484.000000
439.000000
432.000000
437.000000
223.000000
270.000000
270.000000
336.000000
323.000000
327.000000
323.000000
489.000000
488.000000
490.000000
486.000000
431.000000
434.000000
439.000000
380.000000
328.000000
333.000000
323.000000
326.000000
323.000000
272.000000
323.000000
323.000000
326.000000
12403.000000
377.000000
403.000000
378.000000
442.000000
378.000000
278.000000
326.000000
216.000000
323.000000
269.000000
217.000000
328.000000
324.000000
323.000000
326.000000
330.000000
326.000000
323.000000
216.000000
216.000000
217.000000
216.000000
434.000000
437.000000
434.000000
378.000000
270.000000
270.000000
16336.000000
272.000000
272.000000
216.000000
275.000000
326.000000
325.000000
326.000000
377.000000
328.000000
273.000000
276.000000
274.000000
216.000000
271.000000
215.000000
216.000000
276.000000
321.000000
274.000000
327.000000
384.000000
324.000000
380.000000
380.000000
269.000000
330.000000
376.000000
380.000000
491.000000
329.000000
323.000000
323.000000
323.000000
327.000000
332.000000
275.000000
324.000000
323.000000
380.000000
383.000000
431.000000
438.000000
329.000000
377.000000
323.000000
330.000000
533.000000
430.000000
327.000000
323.000000
269.000000
269.000000
272.000000
219.000000
276.000000
331.000000
380.000000
380.000000
8291.000000
433.000000
270.000000
219.000000
215.000000
276.000000
269.000000
272.000000
324.000000
379.000000
437.000000
380.000000
324.000000
326.000000
441.000000
435.000000
440.000000
378.000000
381.000000
324.000000
384.000000
382.000000
377.000000
381.000000
378.000000
380.000000
380.000000
381.000000
327.000000
326.000000
272.000000
272.000000
270.000000
273.000000
218.000000
273.000000
273.000000
323.000000
12745.000000
272.000000
216.000000
326.000000
434.000000
377.000000
432.000000
270.000000
274.000000
269.000000
323.000000
269.000000
272.000000
272.000000
269.000000
324.000000
323.000000
324.000000
323.000000
8337.000000
377.000000
272.000000
273.000000
321.000000
269.000000
372.000000
270.000000
327.000000
273.000000
219.000000
327.000000
328.000000
324.000000
323.000000
328.000000
270.000000
269.000000
273.000000
324.000000
272.000000
323.000000
381.000000
323.000000
323.000000
16557.000000
273.000000
269.000000
271.000000
272.000000
270.000000
324.000000
330.000000
439.000000
374.000000
323.000000
326.000000
377.000000
377.000000
380.000000
326.000000
326.000000
327.000000
269.000000
326.000000
330.000000
326.000000
380.000000
377.000000
384.000000
430.000000
376.000000
330.000000
273.000000
277.000000
328.000000
377.000000
378.000000
215.000000
215.000000
270.000000
272.000000
216.000000
269.000000
324.000000
430.000000
327.000000
323.000000
380.000000
323.000000
378.000000
324.000000
329.000000
274.000000
280.000000
326.000000
334.000000
324.000000
378.000000
269.000000
271.000000
273.000000
272.000000
276.000000
273.000000
379.000000
270.000000
272.000000
321.000000
270.000000
270.000000
431.000000
376.000000
269.000000
270.000000
219.000000
269.000000
217.000000
433.000000
387.000000
454.000000
439.000000
431.000000
383.000000
381.000000
439.000000
438.000000
384.000000
440.000000
377.000000
387.000000
376.000000
385.000000
279.000000
326.000000
323.000000
330.000000
377.000000
361.000000
270.000000
324.000000
271.000000
376.000000
324.000000
324.000000
272.000000
273.000000
272.000000
270.000000
383.000000
377.000000
324.000000
269.000000
2298.000000
326.000000
323.000000
380.000000
382.000000
378.000000
377.000000
330.000000
170.000000
273.000000
380.000000
384.000000
376.000000
436.000000
323.000000
274.000000
331.000000
326.000000
327.000000
323.000000
333.000000
380.000000
327.000000
330.000000
326.000000
321.000000
273.000000
323.000000
323.000000
276.000000
324.000000
323.000000
438.000000
431.000000
433.000000
490.000000
544.000000
329.000000
323.000000
291.000000
330.000000
323.000000
323.000000
325.000000
270.000000
270.000000
326.000000
326.000000
323.000000
329.000000
277.000000
329.000000
270.000000
379.000000
326.000000
438.000000
333.000000
434.000000
382.000000
377.000000
216.000000
324.000000
331.000000
431.000000
274.000000
321.000000
270.000000
329.000000
219.000000
216.000000
216.000000
327.000000
326.000000
434.000000
323.000000
330.000000
274.000000
323.000000
328.000000
323.000000
434.000000
434.000000
433.000000
386.000000
377.000000
327.000000
323.000000
380.000000
323.000000
323.000000
323.000000
269.000000
216.000000
162.000000
162.000000
216.000000
219.000000
323.000000
323.000000
377.000000
323.000000
323.000000
327.000000
273.000000
277.000000
377.000000
323.000000
377.000000
327.000000
324.000000
272.000000
323.000000
323.000000
326.000000
323.000000
327.000000
377.000000
326.000000
278.000000
376.000000
384.000000
326.000000
323.000000
276.000000
273.000000
273.000000
431.000000
382.000000
383.000000
377.000000
380.000000
379.000000
216.000000
267.000000
269.000000
279.000000
323.000000
382.000000
276.000000
327.000000
426.000000
326.000000
273.000000
330.000000
270.000000
279.000000
270.000000
16366.000000
324.000000
269.000000
271.000000
270.000000
323.000000
377.000000
435.000000
379.000000
437.000000
380.000000
437.000000
377.000000
380.000000
379.000000
437.000000
435.000000
434.000000
437.000000
326.000000
323.000000
380.000000
434.000000
437.000000
380.000000
387.000000
381.000000
379.000000
381.000000
269.000000
269.000000
273.000000
324.000000
381.000000
377.000000
487.000000
430.000000
442.000000
391.000000
377.000000
269.000000
271.000000
323.000000
330.000000
429.000000
382.000000
328.000000
336.000000
324.000000
437.000000
381.000000
432.000000
379.000000
381.000000
376.000000
323.000000
332.000000
326.000000
378.000000
539.000000
328.000000
332.000000
322.000000
270.000000
323.000000
323.000000
377.000000
386.000000
548.000000
437.000000
428.000000
326.000000
374.000000
376.000000
488.000000
437.000000
431.000000
384.000000
377.000000
327.000000
325.000000
269.000000
273.000000
216.000000
272.000000
274.000000
275.000000
276.000000
327.000000
273.000000
272.000000
270.000000
385.000000
380.000000
273.000000
326.000000
377.000000
433.000000
223.000000
272.000000
269.000000
269.000000
231.000000
324.000000
162.000000
272.000000
323.000000
329.000000
435.000000
434.000000
434.000000
437.000000
430.000000
428.000000
428.000000
376.000000
223.000000
272.000000
220.000000
270.000000
323.000000
270.000000
379.000000
380.000000
377.000000
269.000000
269.000000
343.000000
381.000000
270.000000
273.000000
434.000000
389.000000
377.000000
269.000000
270.000000
269.000000
327.000000
321.000000
272.000000
273.000000
270.000000
329.000000
323.000000
323.000000
215.000000
323.000000
216.000000
217.000000
216.000000
377.000000
377.000000
434.000000
432.000000
432.000000
377.000000
381.000000
439.000000
377.000000
387.000000
380.000000
8417.000000
381.000000
379.000000
430.000000
376.000000
429.000000
488.000000
438.000000
470.000000
431.000000
431.000000
7869.000000
377.000000
326.000000
377.000000
323.000000
218.000000
219.000000
219.000000
221.000000
271.000000
276.000000
9762.000000
275.000000
269.000000
270.000000
322.000000
381.000000
380.000000
330.000000
331.000000
323.000000
270.000000
215.000000
272.000000
216.000000
216.000000
269.000000
324.000000
381.000000
437.000000
377.000000
377.000000
377.000000
383.000000
383.000000
384.000000
377.000000
333.000000
326.000000
272.000000
380.000000
378.000000
386.000000
384.000000
386.000000
380.000000
376.000000
380.000000
377.000000
433.000000
437.000000
8354.000000
387.000000
378.000000
381.000000
434.000000
8331.000000
326.000000
273.000000
216.000000
274.000000
216.000000
216.000000
273.000000
272.000000
222.000000
428.000000
387.000000
382.000000
377.000000
378.000000
329.000000
270.000000
273.000000
216.000000
380.000000
325.000000
326.000000
323.000000
329.000000
323.000000
482.000000
270.000000
279.000000
378.000000
492.000000
431.000000
379.000000
396.000000
270.000000
269.000000
269.000000
326.000000
379.000000
330.000000
377.000000
270.000000
271.000000
238.000000
216.000000
270.000000
218.000000
323.000000
270.000000
329.000000
324.000000
378.000000
380.000000
433.000000
322.000000
387.000000
326.000000
323.000000
329.000000
267.000000
267.000000
225.000000
437.000000
376.000000
377.000000
376.000000
380.000000
380.000000
383.000000
432.000000
323.000000
330.000000
270.000000
384.000000
325.000000
269.000000
324.000000
273.000000
219.000000
219.000000
216.000000
216.000000
219.000000
270.000000
270.000000
330.000000
324.000000
320.000000
215.000000
216.000000
219.000000
216.000000
216.000000
267.000000
269.000000
274.000000
428.000000
380.000000
333.000000
327.000000
324.000000
323.000000
327.000000
326.000000
434.000000
376.000000
323.000000
273.000000
270.000000
321.000000
269.000000
269.000000
16237.000000
271.000000
270.000000
270.000000
270.000000
270.000000
269.000000
162.000000
215.000000
215.000000
219.000000
216.000000
329.000000
323.000000
327.000000
272.000000
269.000000
327.000000
277.000000
223.000000
219.000000
272.000000
329.000000
326.000000
324.000000
381.000000
431.000000
377.000000
323.000000
381.000000
323.000000
377.000000
379.000000
324.000000
324.000000
12731.000000
270.000000
269.000000
324.000000
326.000000
323.000000
324.000000
269.000000
273.000000
323.000000
326.000000
271.000000
269.000000
273.000000
269.000000
324.000000
328.000000
327.000000
374.000000
327.000000
334.000000
329.000000
270.000000
383.000000
431.000000
377.000000
323.000000
323.000000
378.000000
326.000000
324.000000
270.000000
219.000000
216.000000
216.000000
270.000000
269.000000
270.000000
326.000000
324.000000
272.000000
269.000000
227.000000
270.000000
269.000000
328.000000
218.000000
227.000000
161.000000
162.000000
216.000000
269.000000
222.000000
323.000000
377.000000
381.000000
377.000000
380.000000
270.000000
272.000000
270.000000
326.000000
269.000000
270.000000
431.000000
431.000000
431.000000
329.000000
326.000000
327.000000
378.000000
377.000000
380.000000
435.000000
384.000000
434.000000
382.000000
324.000000
323.000000
375.000000
215.000000
430.000000
434.000000
327.000000
323.000000
326.000000
336.000000
329.000000
325.000000
323.000000
326.000000
488.000000
482.000000
380.000000
384.000000
380.000000
332.000000
438.000000
380.000000
386.000000
383.000000
216.000000
216.000000
432.000000
269.000000
269.000000
222.000000
269.000000
273.000000
269.000000
384.000000
377.000000
275.000000
216.000000
270.000000
377.000000
380.000000
380.000000
387.000000
388.000000
1457.000000
270.000000
324.000000
380.000000
380.000000
384.000000
383.000000
323.000000
326.000000
335.000000
269.000000
273.000000
379.000000
323.000000
326.000000
324.000000
323.000000
222.000000
372.000000
269.000000
320.000000
269.000000
221.000000
278.000000
377.000000
383.000000
433.000000
431.000000
378.000000
387.000000
326.000000
323.000000
330.000000
272.000000
328.000000
379.000000
218.000000
270.000000
270.000000
276.000000
273.000000
270.000000
270.000000
380.000000
378.000000
272768.000000
330.000000
273.000000
272.000000
271.000000
324.000000
280.000000
377.000000
377.000000
324.000000
377.000000
323.000000
325.000000
272.000000
326.000000
324.000000
279.000000
374.000000
331.000000
271.000000
322.000000
330.000000
269.000000
279.000000
272.000000
270.000000
273.000000
274.000000
276.000000
324.000000
327.000000
379.000000
330.000000
324.000000
219.000000
216.000000
215.000000
220.000000
377.000000
381.000000
270.000000
219.000000
166.000000
108.000000
165.000000
165.000000
215.000000
270.000000
376.000000
434.000000
437.000000
539.000000
384.000000
377.000000
322.000000
326.000000
275.000000
270.000000
269.000000
273.000000
269.000000
323.000000
425.000000
324.000000
323.000000
272.000000
269.000000
270.000000
329.000000
377.000000
377.000000
431.000000
432.000000
324.000000
323.000000
270.000000
222.000000
327.000000
377.000000
383.000000
381.000000
377.000000
388.000000
327.000000
324.000000
270.000000
270.000000
270.000000
323.000000
323.000000
326.000000
330.000000
324.000000
326.000000
274.000000
380.000000
329.000000
380.000000
377.000000
377.000000
484.000000
380.000000
384.000000
381.000000
326.000000
165.000000
162.000000
162.000000
380.000000
496.000000
322.000000
375.000000
323.000000
380.000000
377.000000
322.000000
269.000000
380.000000
377.000000
379.000000
382.000000
270.000000
376.000000
380.000000
377.000000
380.000000
222.000000
377.000000
326.000000
322.000000
379.000000
328.000000
278.000000
378.000000
376.000000
332.000000
358.000000
380.000000
380.000000
219.000000
223.000000
322.000000
272.000000
272.000000
269.000000
222.000000
216.000000
345.000000
324.000000
326.000000
374.000000
327.000000
333.000000
272.000000
270.000000
327.000000
374.000000
323.000000
383.000000
355.000000
431.000000
326.000000
327.000000
269.000000
269.000000
323.000000
323.000000
220.000000
216.000000
215.000000
20168.000000
270.000000
269.000000
327.000000
323.000000
326.000000
381.000000
538.000000
278403.000000
219.000000
276.000000
16326.000000
323.000000
271.000000
279.000000
269.000000
267.000000
219.000000
220.000000
270.000000
375.000000
272.000000
269.000000
327.000000
323.000000
385.000000
380.000000
377.000000
383.000000
324.000000
269.000000
273.000000
327.000000
430.000000
380.000000
377.000000
438.000000
330.000000
428.000000
377.000000
387.000000
434.000000
442.000000
323.000000
324.000000
270.000000
323.000000
273.000000
270.000000
272.000000
270.000000
325.000000
380.000000
484.000000
274.000000
224.000000
219.000000
377.000000
323.000000
273.000000
273.000000
490.000000
324.000000
13924.000000
217.000000
376.000000
323.000000
380.000000
380.000000
327.000000
323.000000
323.000000
269.000000
269.000000
270.000000
271.000000
354.000000
323.000000
383.000000
428.000000
323.000000
324.000000
219.000000
326.000000
327.000000
326.000000
377.000000
381.000000
381.000000
381.000000
381.000000
324.000000
374.000000
378.000000
381.000000
3469.000000
379.000000
431.000000
330.000000
376.000000
380.000000
377.000000
8429.000000
377.000000
269.000000
219.000000
218.000000
225.000000
326.000000
271.000000
216.000000
273.000000
270.000000
272.000000
269.000000
273.000000
269.000000
273.000000
273.000000
323.000000
378.000000
323.000000
216.000000
216.000000
216.000000
269.000000
329.000000
326.000000
327.000000
327.000000
217.000000
215.000000
323.000000
166.000000
163.000000
162.000000
271.000000
323.000000
326.000000
326.000000
384.000000
288.000000
378.000000
387.000000
377.000000
378.000000
380.000000
379.000000
323.000000
374.000000
298.000000
215.000000
375.000000
323.000000
324.000000
383.000000
377.000000
385.000000
380.000000
429.000000
325.000000
382.000000
377.000000
399.000000
326.000000
388.000000
377.000000
323.000000
334.000000
216.000000
219.000000
270.000000
280.000000
322.000000
270.000000
270.000000
374.000000
384.000000
377.000000
327.000000
323.000000
323.000000
377.000000
387.000000
431.000000
378.000000
384.000000
382.000000
377.000000
324.000000
15475.000000
270.000000
325.000000
269.000000
268.000000
328.000000
323.000000
326.000000
382.000000
377.000000
380.000000
431.000000
4477.000000
329.000000
326.000000
325.000000
323.000000
278.000000
323.000000
322.000000
432.000000
546.000000
378.000000
272.000000
216.000000
216.000000
224.000000
270.000000
270.000000
275.000000
327.000000
377.000000
323.000000
329.000000
323.000000
323.000000
327.000000
331.000000
329.000000
397.000000
272.000000
273.000000
284.000000
269.000000
276.000000
321.000000
222.000000
269.000000
318.000000
218.000000
270.000000
219.000000
