215.000000
221.000000
215.000000
266.000000
215.000000
218.000000
273.000000
275.000000
273.000000
269.000000
274.000000
272.000000
274.000000
269.000000
268.000000
275.000000
215.000000
218.000000
215.000000
223.000000
221.000000
268.000000
271.000000
275.000000
275.000000
269.000000
215.000000
268.000000
267.000000
215.000000
215.000000
216.000000
217.000000
273.000000
271.000000
274.000000
268.000000
269.000000
221.000000
276.000000
274.000000
268.000000
276.000000
217.000000
215.000000
217.000000
215.000000
216.000000
271.000000
271.000000
269.000000
271.000000
164.000000
108.000000
107.000000
169.000000
214.000000
271.000000
267.000000
268.000000
271.000000
267.000000
268.000000
273.000000
272.000000
268.000000
275.000000
270.000000
272.000000
267.000000
271.000000
271.000000
269.000000
269.000000
160.000000
161.000000
215.000000
164.000000
161.000000
161.000000
160.000000
221.000000
217.000000
215.000000
267.000000
269.000000
268.000000
322.000000
268.000000
275.000000
267.000000
219.000000
268.000000
268.000000
268.000000
268.000000
274.000000
269.000000
268.000000
275.000000
267.000000
268.000000
283.000000
267.000000
269.000000
268.000000
268.000000
271.000000
215.000000
215.000000
215.000000
214.000000
268.000000
214.000000
161.000000
161.000000
161.000000
163.000000
164.000000
161.000000
270.000000
328.000000
269.000000
214.000000
215.000000
270.000000
267.000000
319.000000
268.000000
270.000000
165.000000
267.000000
272.000000
271.000000
267.000000
268.000000
271.000000
268.000000
221.000000
268.000000
168.000000
273.000000
268.000000
273.000000
267.000000
322.000000
268.000000
267.000000
319.000000
271.000000
274.000000
263.000000
270.000000
273.000000
274.000000
269.000000
190.000000
218.000000
269.000000
273.000000
268.000000
267.000000
271.000000
322.000000
323.000000
276.000000
267.000000
268.000000
270.000000
319.000000
220.000000
274.000000
271.000000
274.000000
221.000000
268.000000
271.000000
267.000000
273.000000
268.000000
267.000000
268.000000
271.000000
270.000000
215.000000
215.000000
214.000000
217.000000
214.000000
220.000000
216.000000
214.000000
4094.000000
214.000000
271.000000
216.000000
161.000000
164.000000
161.000000
161.000000
161.000000
161.000000
164.000000
163.000000
164.000000
161.000000
274.000000
271.000000
173.000000
271.000000
270.000000
271.000000
216.000000
214.000000
162.000000
161.000000
215.000000
214.000000
220.000000
214.000000
150895.000000
215.000000
161.000000
165.000000
268.000000
267.000000
273.000000
318.000000
268.000000
268.000000
218.000000
214.000000
217.000000
218.000000
217.000000
215.000000
214.000000
215.000000
268.000000
276.000000
267.000000
271.000000
268.000000
267.000000
267.000000
270.000000
268.000000
268.000000
270.000000
267.000000
269.000000
269.000000
267.000000
267.000000
268.000000
268.000000
272.000000
268.000000
271.000000
271.000000
217.000000
215.000000
161.000000
161.000000
162.000000
161.000000
271.000000
271.000000
322.000000
270.000000
271.000000
271.000000
370.000000
268.000000
220.000000
214.000000
214.000000
160.000000
216.000000
214.000000
214.000000
268.000000
278.000000
271.000000
270.000000
271.000000
268.000000
270.000000
272.000000
273.000000
270.000000
271.000000
268.000000
270.000000
270.000000
324.000000
214.000000
214.000000
214.000000
267.000000
271.000000
270.000000
214.000000
215.000000
271.000000
269.000000
267.000000
272.000000
217.000000
215.000000
217.000000
217.000000
270.000000
271.000000
267.000000
274.000000
271.000000
271.000000
269.000000
272.000000
271.000000
215.000000
215.000000
215.000000
218.000000
218.000000
215.000000
214.000000
214.000000
214.000000
218.000000
218.000000
271.000000
268.000000
267.000000
268.000000
267.000000
320.000000
268.000000
268.000000
270.000000
268.000000
270.000000
271.000000
271.000000
274.000000
215.000000
222.000000
214.000000
272.000000
214.000000
215.000000
265.000000
214.000000
214.000000
218.000000
269.000000
268.000000
270.000000
319.000000
268.000000
220.000000
214.000000
214.000000
214.000000
214.000000
220.000000
217.000000
214.000000
216.000000
164.000000
214.000000
267.000000
217.000000
214.000000
220.000000
217.000000
215.000000
222.000000
269.000000
214.000000
214.000000
214.000000
266.000000
216.000000
267.000000
268.000000
218.000000
218.000000
214.000000
218.000000
216.000000
268.000000
268.000000
268.000000
273.000000
163.000000
161.000000
78.000000
217.000000
215.000000
271.000000
274.000000
268.000000
275.000000
274.000000
218.000000
218.000000
217.000000
161.000000
163.000000
161.000000
163.000000
161.000000
163.000000
214.000000
217.000000
214.000000
215.000000
268.000000
275.000000
327.000000
274.000000
280.000000
269.000000
276.000000
270.000000
267.000000
271.000000
271.000000
271.000000
270.000000
274.000000
216.000000
165.000000
217.000000
11739.000000
55.000000
54.000000
54.000000
54.000000
54.000000
54.000000
214.000000
217.000000
215.000000
214.000000
214.000000
217.000000
215.000000
215.000000
214.000000
267.000000
215.000000
214.000000
218.000000
218.000000
218.000000
217.000000
281.000000
267.000000
268.000000
271.000000
269.000000
267.000000
267.000000
267.000000
267.000000
267.000000
173.000000
267.000000
276.000000
270.000000
269.000000
267.000000
270.000000
270.000000
270.000000
268.000000
268.000000
229.000000
267.000000
279.000000
319.000000
271.000000
269.000000
268.000000
271.000000
214.000000
217.000000
214.000000
214.000000
160.000000
160.000000
161.000000
221.000000
214.000000
215.000000
268.000000
267.000000
267.000000
268.000000
319.000000
271.000000
271.000000
270.000000
270.000000
270.000000
271.000000
215.000000
217.000000
214.000000
214.000000
161.000000
161.000000
164.000000
164.000000
217.000000
215.000000
219.000000
214.000000
274.000000
268.000000
271.000000
268.000000
267.000000
270.000000
268.000000
268.000000
267.000000
268.000000
274.000000
268.000000
267.000000
215.000000
214.000000
217.000000
161.000000
214.000000
164.000000
164.000000
214.000000
214.000000
217.000000
217.000000
268.000000
269.000000
219.000000
268.000000
267.000000
269.000000
268.000000
274.000000
268.000000
268.000000
274.000000
268.000000
221.000000
214.000000
161.000000
161.000000
214.000000
217.000000
271.000000
268.000000
273.000000
326.000000
320.000000
269.000000
268.000000
269.000000
267.000000
271.000000
271.000000
271.000000
268.000000
268.000000
276.000000
268.000000
216.000000
214.000000
214.000000
214.000000
268.000000
268.000000
274.000000
268.000000
268.000000
268.000000
269.000000
268.000000
268.000000
268.000000
268.000000
220.000000
269.000000
269.000000
214.000000
111.000000
108.000000
164.000000
161.000000
164.000000
161.000000
215.000000
214.000000
210.000000
274.000000
267.000000
268.000000
269.000000
268.000000
277.000000
271.000000
270.000000
270.000000
268.000000
271.000000
268.000000
267.000000
320.000000
274.000000
270.000000
274.000000
272.000000
271.000000
267.000000
268.000000
268.000000
274.000000
375.000000
268.000000
267.000000
215.000000
218.000000
214.000000
215.000000
270.000000
267.000000
274.000000
214.000000
164.000000
211.000000
270.000000
214.000000
217.000000
215.000000
221.000000
214.000000
267.000000
272.000000
268.000000
274.000000
118.000000
268.000000
268.000000
268.000000
268.000000
214.000000
214.000000
217.000000
217.000000
215.000000
160.000000
161.000000
161.000000
221.000000
214.000000
217.000000
268.000000
271.000000
270.000000
271.000000
270.000000
220.000000
217.000000
161.000000
162.000000
161.000000
164.000000
161.000000
164.000000
271.000000
269.000000
271.000000
271.000000
321.000000
271.000000
268.000000
268.000000
267.000000
328.000000
161.000000
108.000000
108.000000
108.000000
108.000000
107.000000
164.000000
219.000000
215.000000
217.000000
220.000000
215.000000
221.000000
161.000000
161.000000
267.000000
270.000000
272.000000
268.000000
272.000000
215.000000
214.000000
274.000000
268.000000
268.000000
218.000000
214.000000
216.000000
268.000000
268.000000
271.000000
268.000000
272.000000
268.000000
274.000000
271.000000
269.000000
268.000000
271.000000
268.000000
271.000000
270.000000
267.000000
269.000000
268.000000
270.000000
268.000000
270.000000
268.000000
270.000000
268.000000
268.000000
268.000000
319.000000
270.000000
271.000000
268.000000
268.000000
267.000000
267.000000
217.000000
218.000000
214.000000
214.000000
218.000000
217.000000
214.000000
215.000000
215.000000
215.000000
214.000000
214.000000
226.000000
214.000000
267.000000
220.000000
217.000000
216.000000
268.000000
270.000000
268.000000
272.000000
271.000000
268.000000
268.000000
268.000000
267.000000
270.000000
273.000000
268.000000
271.000000
271.000000
270.000000
274.000000
268.000000
268.000000
267.000000
267.000000
271.000000
271.000000
215.000000
217.000000
217.000000
217.000000
218.000000
216.000000
218.000000
214.000000
218.000000
268.000000
269.000000
276.000000
268.000000
273.000000
268.000000
271.000000
267.000000
326.000000
268.000000
267.000000
268.000000
325.000000
326.000000
269.000000
269.000000
267.000000
270.000000
269.000000
268.000000
268.000000
270.000000
268.000000
268.000000
270.000000
214.000000
217.000000
217.000000
217.000000
161.000000
217.000000
214.000000
218.000000
268.000000
270.000000
268.000000
267.000000
271.000000
271.000000
268.000000
274.000000
274.000000
214.000000
215.000000
214.000000
217.000000
269.000000
217.000000
268.000000
274.000000
271.000000
268.000000
271.000000
322.000000
268.000000
268.000000
274.000000
267.000000
214.000000
214.000000
161.000000
163.000000
215.000000
273.000000
377.000000
268.000000
268.000000
219.000000
267.000000
217.000000
319.000000
271.000000
217.000000
214.000000
215.000000
215.000000
218.000000
215.000000
272.000000
275.000000
270.000000
271.000000
274.000000
268.000000
267.000000
268.000000
274.000000
267.000000
268.000000
268.000000
169.000000
267.000000
269.000000
215.000000
214.000000
214.000000
215.000000
214.000000
217.000000
215.000000
214.000000
267.000000
271.000000
272.000000
268.000000
271.000000
268.000000
176.000000
268.000000
272.000000
268.000000
271.000000
268.000000
267.000000
267.000000
214.000000
217.000000
214.000000
220.000000
214.000000
218.000000
215.000000
265.000000
107.000000
107.000000
161.000000
161.000000
161.000000
267.000000
267.000000
268.000000
267.000000
268.000000
272.000000
325.000000
268.000000
268.000000
267.000000
268.000000
268.000000
271.000000
267.000000
216.000000
215.000000
216.000000
214.000000
271.000000
270.000000
268.000000
268.000000
268.000000
270.000000
271.000000
218.000000
215.000000
214.000000
214.000000
215.000000
215.000000
217.000000
268.000000
270.000000
268.000000
268.000000
268.000000
276.000000
324.000000
271.000000
268.000000
270.000000
268.000000
270.000000
218.000000
214.000000
215.000000
215.000000
167.000000
161.000000
165.000000
161.000000
161.000000
214.000000
214.000000
214.000000
269.000000
267.000000
267.000000
268.000000
268.000000
275.000000
271.000000
271.000000
271.000000
271.000000
270.000000
268.000000
270.000000
324.000000
267.000000
322.000000
274.000000
273.000000
271.000000
221.000000
217.000000
221.000000
215.000000
214.000000
214.000000
267.000000
268.000000
322.000000
270.000000
321.000000
271.000000
268.000000
271.000000
274.000000
268.000000
272.000000
267.000000
267.000000
214.000000
217.000000
214.000000
265.000000
161.000000
166.000000
268.000000
268.000000
267.000000
268.000000
271.000000
271.000000
221.000000
267.000000
222.000000
270.000000
270.000000
270.000000
268.000000
267.000000
320.000000
272.000000
268.000000
267.000000
275.000000
217.000000
214.000000
217.000000
268.000000
268.000000
267.000000
271.000000
267.000000
267.000000
270.000000
268.000000
270.000000
268.000000
274.000000
279.000000
268.000000
273.000000
270.000000
269.000000
217.000000
216.000000
217.000000
214.000000
217.000000
214.000000
214.000000
214.000000
268.000000
274.000000
269.000000
269.000000
268.000000
268.000000
268.000000
162.000000
161.000000
161.000000
267.000000
273.000000
270.000000
267.000000
267.000000
268.000000
267.000000
268.000000
274.000000
267.000000
267.000000
267.000000
267.000000
271.000000
272.000000
217.000000
215.000000
217.000000
271.000000
271.000000
319.000000
271.000000
274.000000
270.000000
276.000000
186.000000
222.000000
267.000000
271.000000
267.000000
267.000000
268.000000
270.000000
268.000000
268.000000
267.000000
320.000000
326.000000
267.000000
267.000000
274.000000
272.000000
268.000000
271.000000
271.000000
223.000000
268.000000
267.000000
271.000000
268.000000
268.000000
273.000000
269.000000
325.000000
268.000000
214.000000
218.000000
214.000000
161.000000
161.000000
54.000000
108.000000
108.000000
160.000000
161.000000
270.000000
270.000000
272.000000
268.000000
269.000000
218.000000
166.000000
319.000000
272.000000
274.000000
268.000000
269.000000
272.000000
271.000000
268.000000
267.000000
271.000000
268.000000
268.000000
271.000000
214.000000
164.000000
214.000000
265.000000
217.000000
217.000000
164.000000
112.000000
161.000000
217.000000
267.000000
267.000000
268.000000
271.000000
222.000000
217.000000
317.000000
215.000000
215.000000
267.000000
268.000000
270.000000
275.000000
322.000000
267.000000
267.000000
269.000000
267.000000
268.000000
268.000000
224.000000
220.000000
219.000000
214.000000
4095.000000
216.000000
274.000000
161.000000
164.000000
213.000000
161.000000
217.000000
214.000000
215.000000
214.000000
323.000000
268.000000
270.000000
218.000000
214.000000
214.000000
216.000000
214.000000
215.000000
267.000000
271.000000
274.000000
271.000000
327.000000
270.000000
164.000000
167.000000
161.000000
161.000000
215.000000
269.000000
267.000000
274.000000
268.000000
268.000000
161.000000
161.000000
161.000000
161.000000
160.000000
161.000000
214.000000
214.000000
214.000000
214.000000
268.000000
217.000000
160.000000
161.000000
107.000000
108.000000
108.000000
110.000000
107.000000
161.000000
164.000000
268.000000
268.000000
271.000000
268.000000
268.000000
224.000000
378.000000
271.000000
270.000000
271.000000
268.000000
269.000000
271.000000
277.000000
270.000000
271.000000
271.000000
319.000000
268.000000
274.000000
214.000000
215.000000
164.000000
217.000000
217.000000
214.000000
268.000000
268.000000
220.000000
268.000000
271.000000
273.000000
270.000000
274.000000
326.000000
271.000000
268.000000
267.000000
268.000000
277.000000
268.000000
219.000000
214.000000
214.000000
214.000000
218.000000
214.000000
215.000000
274.000000
268.000000
275.000000
268.000000
271.000000
268.000000
268.000000
272.000000
267.000000
267.000000
322.000000
267.000000
270.000000
271.000000
271.000000
268.000000
214.000000
218.000000
214.000000
215.000000
217.000000
219.000000
214.000000
217.000000
218.000000
161.000000
161.000000
162.000000
272.000000
273.000000
267.000000
270.000000
269.000000
215.000000
215.000000
4152.000000
161.000000
164.000000
216.000000
218.000000
215.000000
267.000000
325.000000
269.000000
268.000000
274.000000
270.000000
267.000000
268.000000
268.000000
273.000000
273.000000
268.000000
271.000000
272.000000
271.000000
271.000000
327.000000
270.000000
274.000000
271.000000
268.000000
271.000000
274.000000
216.000000
214.000000
214.000000
217.000000
215.000000
217.000000
215.000000
213.000000
318.000000
271.000000
267.000000
268.000000
267.000000
268.000000
270.000000
268.000000
221.000000
214.000000
214.000000
214.000000
220.000000
271.000000
267.000000
271.000000
268.000000
268.000000
220.000000
217.000000
219.000000
215.000000
214.000000
218.000000
214.000000
214.000000
214.000000
220.000000
214.000000
215.000000
215.000000
268.000000
383.000000
268.000000
270.000000
210.000000
268.000000
269.000000
268.000000
220.000000
268.000000
268.000000
267.000000
267.000000
268.000000
268.000000
268.000000
269.000000
268.000000
267.000000
272.000000
271.000000
269.000000
320.000000
271.000000
274.000000
378.000000
326.000000
269.000000
268.000000
268.000000
269.000000
268.000000
275.000000
268.000000
270.000000
270.000000
270.000000
269.000000
270.000000
268.000000
268.000000
267.000000
274.000000
215.000000
218.000000
218.000000
215.000000
214.000000
274.000000
272.000000
270.000000
268.000000
273.000000
271.000000
271.000000
239.000000
269.000000
268.000000
269.000000
267.000000
268.000000
268.000000
329.000000
270.000000
270.000000
271.000000
268.000000
268.000000
269.000000
268.000000
271.000000
267.000000
268.000000
268.000000
267.000000
271.000000
161.000000
164.000000
161.000000
164.000000
164.000000
161.000000
161.000000
270.000000
273.000000
269.000000
268.000000
271.000000
268.000000
268.000000
272.000000
222.000000
271.000000
271.000000
270.000000
269.000000
267.000000
271.000000
271.000000
117.000000
274.000000
270.000000
218.000000
268.000000
268.000000
268.000000
279.000000
269.000000
319.000000
267.000000
267.000000
268.000000
268.000000
274.000000
268.000000
223.000000
268.000000
271.000000
267.000000
219.000000
271.000000
271.000000
370.000000
270.000000
270.000000
278.000000
272.000000
271.000000
268.000000
271.000000
328.000000
270.000000
272.000000
268.000000
268.000000
268.000000
218.000000
214.000000
272.000000
218.000000
214.000000
267.000000
214.000000
214.000000
216.000000
217.000000
215.000000
218.000000
215.000000
214.000000
324.000000
268.000000
270.000000
271.000000
273.000000
267.000000
271.000000
268.000000
268.000000
341.000000
268.000000
268.000000
270.000000
215.000000
214.000000
220.000000
214.000000
217.000000
220.000000
214.000000
221.000000
215.000000
220.000000
164.000000
107.000000
165.000000
161.000000
8117.000000
161.000000
8108.000000
166.000000
161.000000
164.000000
161.000000
214.000000
214.000000
217.000000
220.000000
215.000000
161.000000
161.000000
161.000000
160.000000
164.000000
214.000000
275.000000
270.000000
267.000000
267.000000
270.000000
318.000000
268.000000
268.000000
271.000000
268.000000
271.000000
215.000000
214.000000
217.000000
322.000000
274.000000
215.000000
215.000000
214.000000
214.000000
217.000000
215.000000
276.000000
269.000000
268.000000
270.000000
215.000000
214.000000
270.000000
268.000000
218.000000
161.000000
161.000000
164.000000
163.000000
161.000000
326.000000
267.000000
268.000000
272.000000
271.000000
319.000000
433.000000
271.000000
268.000000
267.000000
271.000000
265.000000
214.000000
214.000000
220.000000
220.000000
270.000000
266.000000
275.000000
273.000000
268.000000
271.000000
274.000000
268.000000
268.000000
223.000000
268.000000
271.000000
321.000000
270.000000
268.000000
271.000000
268.000000
267.000000
267.000000
271.000000
269.000000
319.000000
271.000000
319.000000
214.000000
215.000000
161.000000
215.000000
161.000000
161.000000
161.000000
268.000000
221.000000
215.000000
220.000000
215.000000
323.000000
160.000000
163.000000
163.000000
217.000000
268.000000
267.000000
271.000000
267.000000
268.000000
271.000000
274.000000
277.000000
272.000000
268.000000
214.000000
220.000000
215.000000
221.000000
178.000000
164.000000
217.000000
214.000000
214.000000
108.000000
12043.000000
108.000000
111.000000
270.000000
218.000000
214.000000
214.000000
214.000000
215.000000
269.000000
320.000000
319.000000
267.000000
319.000000
268.000000
269.000000
270.000000
268.000000
271.000000
268.000000
217.000000
214.000000
217.000000
216.000000
214.000000
268.000000
273.000000
271.000000
270.000000
271.000000
271.000000
271.000000
267.000000
270.000000
277.000000
217.000000
214.000000
214.000000
214.000000
214.000000
271.000000
268.000000
272.000000
270.000000
268.000000
319.000000
267.000000
217.000000
214.000000
219.000000
161.000000
161.000000
107.000000
108.000000
108.000000
268.000000
268.000000
319.000000
272.000000
271.000000
276.000000
325.000000
270.000000
271.000000
274.000000
322.000000
271.000000
268.000000
271.000000
216.000000
215.000000
214.000000
218.000000
161.000000
161.000000
217.000000
220.000000
161.000000
161.000000
162.000000
161.000000
164.000000
267.000000
271.000000
324.000000
215.000000
214.000000
221.000000
214.000000
215.000000
215.000000
218.000000
270.000000
217.000000
217.000000
265.000000
320.000000
218.000000
161.000000
217.000000
214.000000
214.000000
268.000000
270.000000
318.000000
271.000000
267.000000
268.000000
271.000000
268.000000
268.000000
219.000000
214.000000
218.000000
217.000000
214.000000
269.000000
214.000000
217.000000
268.000000
271.000000
267.000000
271.000000
267.000000
318.000000
268.000000
269.000000
270.000000
270.000000
214.000000
215.000000
214.000000
220.000000
214.000000
215.000000
216.000000
215.000000
216.000000
225.000000
217.000000
268.000000
270.000000
271.000000
271.000000
271.000000
268.000000
268.000000
268.000000
268.000000
267.000000
320.000000
268.000000
273.000000
271.000000
270.000000
269.000000
272.000000
217.000000
214.000000
218.000000
162.000000
162.000000
161.000000
160.000000
161.000000
161.000000
163.000000
167.000000
162.000000
164.000000
161.000000
164.000000
161.000000
268.000000
267.000000
268.000000
272.000000
338.000000
268.000000
268.000000
268.000000
269.000000
324.000000
217.000000
215.000000
218.000000
319.000000
268.000000
267.000000
267.000000
272.000000
270.000000
273.000000
270.000000
270.000000
273.000000
327.000000
267.000000
268.000000
268.000000
214.000000
214.000000
214.000000
214.000000
218.000000
266.000000
213.000000
215.000000
214.000000
271.000000
267.000000
270.000000
268.000000
271.000000
268.000000
267.000000
215.000000
217.000000
218.000000
214.000000
214.000000
217.000000
218.000000
268.000000
267.000000
267.000000
268.000000
275.000000
274.000000
271.000000
278.000000
269.000000
268.000000
268.000000
267.000000
267.000000
267.000000
268.000000
268.000000
217.000000
269.000000
325.000000
270.000000
268.000000
268.000000
267.000000
271.000000
274.000000
271.000000
268.000000
268.000000
269.000000
271.000000
274.000000
268.000000
268.000000
272.000000
268.000000
278.000000
268.000000
269.000000
322.000000
268.000000
268.000000
271.000000
268.000000
271.000000
322.000000
274.000000
271.000000
271.000000
267.000000
270.000000
267.000000
268.000000
271.000000
272.000000
268.000000
269.000000
270.000000
269.000000
268.000000
271.000000
274.000000
268.000000
267.000000
267.000000
349.000000
268.000000
271.000000
267.000000
221.000000
219.000000
214.000000
217.000000
275.000000
324.000000
268.000000
267.000000
267.000000
268.000000
214.000000
215.000000
271.000000
270.000000
268.000000
268.000000
267.000000
268.000000
270.000000
267.000000
271.000000
271.000000
214.000000
214.000000
164.000000
160.000000
161.000000
161.000000
216.000000
214.000000
217.000000
214.000000
217.000000
181.000000
220.000000
161.000000
161.000000
161.000000
8237.000000
164.000000
214.000000
319.000000
195.000000
215.000000
217.000000
167.000000
217.000000
218.000000
269.000000
223.000000
98.000000
268.000000
223.000000
322.000000
281.000000
268.000000
268.000000
274.000000
274.000000
273.000000
268.000000
318.000000
268.000000
217.000000
214.000000
217.000000
165.000000
217.000000
214.000000
215.000000
267.000000
321.000000
268.000000
218.000000
269.000000
220.000000
215.000000
214.000000
266.000000
214.000000
268.000000
268.000000
325.000000
271.000000
272.000000
273.000000
270.000000
274.000000
165.000000
218.000000
214.000000
219.000000
214.000000
217.000000
273.000000
215.000000
215.000000
214.000000
221.000000
217.000000
219.000000
274.000000
268.000000
217.000000
217.000000
215.000000
214.000000
214.000000
218.000000
274.000000
270.000000
271.000000
219.000000
214.000000
220.000000
218.000000
220.000000
214.000000
266.000000
266.000000
215.000000
216.000000
267.000000
268.000000
274.000000
270.000000
319.000000
270.000000
267.000000
271.000000
272.000000
268.000000
272.000000
274.000000
267.000000
268.000000
268.000000
267.000000
268.000000
214.000000
220.000000
214.000000
214.000000
214.000000
214.000000
214.000000
160.000000
163.000000
161.000000
160.000000
164.000000
161.000000
164.000000
163.000000
167.000000
217.000000
268.000000
268.000000
269.000000
273.000000
267.000000
270.000000
267.000000
268.000000
271.000000
268.000000
267.000000
268.000000
271.000000
269.000000
275.000000
268.000000
273.000000
268.000000
268.000000
268.000000
273.000000
270.000000
221.000000
267.000000
268.000000
323.000000
268.000000
272.000000
271.000000
271.000000
268.000000
268.000000
267.000000
268.000000
268.000000
220.000000
214.000000
214.000000
215.000000
215.000000
215.000000
217.000000
212.000000
164.000000
218.000000
161.000000
164.000000
161.000000
161.000000
219.000000
272.000000
268.000000
214.000000
218.000000
220.000000
218.000000
214.000000
214.000000
164.000000
164.000000
223.000000
217.000000
215.000000
269.000000
214.000000
274.000000
270.000000
217.000000
214.000000
214.000000
214.000000
214.000000
215.000000
214.000000
219.000000
215.000000
267.000000
270.000000
271.000000
268.000000
271.000000
267.000000
268.000000
215.000000
214.000000
220.000000
266.000000
215.000000
215.000000
268.000000
277.000000
271.000000
268.000000
215.000000
267.000000
272.000000
268.000000
217.000000
161.000000
167.000000
168.000000
161.000000
215.000000
270.000000
274.000000
271.000000
272.000000
268.000000
268.000000
271.000000
267.000000
268.000000
271.000000
270.000000
274.000000
267.000000
273.000000
268.000000
218.000000
215.000000
164.000000
161.000000
161.000000
217.000000
214.000000
269.000000
166.000000
214.000000
216.000000
270.000000
268.000000
270.000000
271.000000
268.000000
271.000000
268.000000
271.000000
277.000000
220.000000
214.000000
215.000000
221.000000
217.000000
214.000000
215.000000
217.000000
265.000000
163.000000
215.000000
215.000000
214.000000
274.000000
270.000000
268.000000
268.000000
271.000000
214.000000
217.000000
221.000000
221.000000
214.000000
217.000000
214.000000
218.000000
272.000000
221.000000
270.000000
268.000000
270.000000
273.000000
271.000000
319.000000
267.000000
268.000000
269.000000
268.000000
219.000000
217.000000
267.000000
271.000000
275.000000
322.000000
268.000000
267.000000
270.000000
272.000000
268.000000
267.000000
275.000000
268.000000
268.000000
270.000000
271.000000
267.000000
268.000000
268.000000
268.000000
271.000000
271.000000
221.000000
161.000000
214.000000
215.000000
214.000000
215.000000
217.000000
217.000000
225.000000
270.000000
214.000000
217.000000
214.000000
214.000000
161.000000
161.000000
164.000000
161.000000
271.000000
272.000000
270.000000
271.000000
270.000000
161.000000
164.000000
319.000000
219.000000
270.000000
267.000000
267.000000
267.000000
268.000000
265.000000
270.000000
280.000000
272.000000
269.000000
270.000000
268.000000
268.000000
271.000000
318.000000
269.000000
271.000000
267.000000
271.000000
267.000000
271.000000
267.000000
274.000000
268.000000
274.000000
271.000000
268.000000
269.000000
268.000000
276.000000
271.000000
269.000000
274.000000
268.000000
267.000000
319.000000
274.000000
273.000000
268.000000
267.000000
268.000000
274.000000
271.000000
270.000000
278.000000
267.000000
268.000000
270.000000
269.000000
271.000000
268.000000
218.000000
219.000000
214.000000
214.000000
220.000000
217.000000
268.000000
268.000000
271.000000
268.000000
274.000000
274.000000
128.000000
378.000000
268.000000
214.000000
215.000000
216.000000
214.000000
162.000000
7639.000000
215.000000
215.000000
214.000000
214.000000
219.000000
214.000000
214.000000
214.000000
214.000000
267.000000
268.000000
267.000000
267.000000
270.000000
271.000000
268.000000
274.000000
216.000000
220.000000
215.000000
4153.000000
217.000000
221.000000
216.000000
214.000000
218.000000
216.000000
217.000000
214.000000
219.000000
217.000000
272.000000
270.000000
268.000000
267.000000
267.000000
270.000000
214.000000
219.000000
214.000000
163.000000
164.000000
164.000000
161.000000
162.000000
162.000000
161.000000
218.000000
268.000000
319.000000
268.000000
114.000000
268.000000
98.000000
271.000000
327.000000
267.000000
268.000000
267.000000
267.000000
270.000000
271.000000
271.000000
267.000000
270.000000
270.000000
271.000000
268.000000
269.000000
272.000000
268.000000
269.000000
270.000000
271.000000
267.000000
270.000000
220.000000
268.000000
268.000000
268.000000
269.000000
268.000000
267.000000
267.000000
272.000000
269.000000
271.000000
270.000000
274.000000
268.000000
112.000000
214.000000
214.000000
214.000000
213.000000
216.000000
217.000000
217.000000
269.000000
271.000000
272.000000
127.000000
217.000000
160.000000
162.000000
214.000000
214.000000
218.000000
268.000000
268.000000
268.000000
271.000000
269.000000
267.000000
268.000000
271.000000
271.000000
268.000000
322.000000
267.000000
271.000000
271.000000
268.000000
267.000000
218.000000
214.000000
216.000000
218.000000
266.000000
268.000000
270.000000
214.000000
215.000000
214.000000
214.000000
217.000000
215.000000
214.000000
214.000000
161.000000
161.000000
266.000000
218.000000
220.000000
220.000000
217.000000
221.000000
216.000000
166.000000
214.000000
218.000000
215.000000
267.000000
274.000000
267.000000
267.000000
271.000000
218.000000
218.000000
214.000000
217.000000
214.000000
271.000000
269.000000
275.000000
268.000000
271.000000
268.000000
274.000000
323.000000
267.000000
268.000000
268.000000
267.000000
269.000000
267.000000
270.000000
275.000000
271.000000
274.000000
224.000000
214.000000
215.000000
275.000000
269.000000
271.000000
223.000000
271.000000
270.000000
274.000000
271.000000
268.000000
267.000000
276.000000
267.000000
268.000000
244.000000
268.000000
214.000000
216.000000
269.000000
215.000000
218.000000
215.000000
217.000000
215.000000
216.000000
272.000000
271.000000
270.000000
274.000000
271.000000
270.000000
267.000000
268.000000
268.000000
272.000000
322.000000
270.000000
267.000000
271.000000
275.000000
273.000000
268.000000
267.000000
268.000000
214.000000
219.000000
268.000000
270.000000
274.000000
268.000000
267.000000
271.000000
273.000000
268.000000
217.000000
214.000000
218.000000
218.000000
218.000000
214.000000
165.000000
215.000000
217.000000
215.000000
217.000000
268.000000
269.000000
275.000000
4108.000000
277.000000
216.000000
219.000000
220.000000
218.000000
214.000000
270.000000
267.000000
164.000000
107.000000
108.000000
161.000000
161.000000
214.000000
214.000000
215.000000
215.000000
268.000000
270.000000
271.000000
269.000000
270.000000
274.000000
271.000000
370.000000
271.000000
269.000000
221.000000
323.000000
267.000000
271.000000
270.000000
269.000000
272.000000
271.000000
274.000000
268.000000
271.000000
268.000000
269.000000
322.000000
268.000000
271.000000
230.000000
327.000000
274.000000
268.000000
268.000000
268.000000
268.000000
272.000000
271.000000
268.000000
271.000000
327.000000
267.000000
271.000000
319.000000
322.000000
265.000000
215.000000
214.000000
214.000000
217.000000
269.000000
268.000000
270.000000
274.000000
220.000000
271.000000
268.000000
268.000000
271.000000
267.000000
267.000000
214.000000
217.000000
161.000000
215.000000
214.000000
220.000000
268.000000
269.000000
271.000000
268.000000
270.000000
268.000000
270.000000
268.000000
276.000000
215.000000
216.000000
215.000000
268.000000
271.000000
268.000000
274.000000
274.000000
273.000000
270.000000
267.000000
267.000000
268.000000
270.000000
296.000000
271.000000
271.000000
270.000000
222.000000
268.000000
268.000000
271.000000
270.000000
271.000000
268.000000
268.000000
274.000000
322.000000
214.000000
215.000000
215.000000
4147.000000
268.000000
214.000000
214.000000
268.000000
271.000000
268.000000
161.000000
218.000000
217.000000
215.000000
4095.000000
267.000000
267.000000
270.000000
267.000000
218.000000
214.000000
108.000000
107.000000
108.000000
160.000000
160.000000
161.000000
161.000000
268.000000
271.000000
267.000000
268.000000
268.000000
267.000000
272.000000
268.000000
266.000000
214.000000
214.000000
214.000000
217.000000
217.000000
214.000000
214.000000
271.000000
272.000000
271.000000
267.000000
268.000000
271.000000
269.000000
267.000000
268.000000
271.000000
270.000000
268.000000
268.000000
274.000000
270.000000
267.000000
217.000000
218.000000
214.000000
268.000000
270.000000
268.000000
271.000000
272.000000
268.000000
276.000000
268.000000
268.000000
269.000000
215.000000
164.000000
163.000000
216.000000
214.000000
214.000000
215.000000
214.000000
214.000000
214.000000
267.000000
273.000000
274.000000
270.000000
269.000000
271.000000
323.000000
268.000000
215.000000
215.000000
161.000000
161.000000
160.000000
164.000000
108.000000
108.000000
108.000000
110.000000
164.000000
214.000000
215.000000
215.000000
220.000000
271.000000
217.000000
217.000000
214.000000
214.000000
214.000000
221.000000
160.000000
161.000000
161.000000
161.000000
159.000000
215.000000
215.000000
214.000000
216.000000
267.000000
274.000000
270.000000
270.000000
274.000000
268.000000
272.000000
59.000000
220.000000
268.000000
268.000000
275.000000
268.000000
267.000000
214.000000
217.000000
215.000000
214.000000
229.000000
216.000000
220.000000
214.000000
216.000000
271.000000
267.000000
267.000000
270.000000
267.000000
267.000000
270.000000
268.000000
272.000000
268.000000
268.000000
272.000000
268.000000
271.000000
220.000000
268.000000
268.000000
267.000000
267.000000
271.000000
270.000000
270.000000
271.000000
268.000000
268.000000
268.000000
271.000000
161.000000
161.000000
161.000000
163.000000
212.000000
268.000000
268.000000
271.000000
268.000000
271.000000
217.000000
214.000000
214.000000
214.000000
217.000000
165.000000
214.000000
273.000000
272.000000
268.000000
270.000000
269.000000
271.000000
218.000000
268.000000
270.000000
272.000000
268.000000
270.000000
271.000000
268.000000
268.000000
275.000000
268.000000
267.000000
271.000000
273.000000
271.000000
267.000000
217.000000
215.000000
164.000000
108.000000
165.000000
162.000000
163.000000
161.000000
160.000000
214.000000
214.000000
268.000000
270.000000
268.000000
287.000000
268.000000
268.000000
268.000000
270.000000
268.000000
271.000000
268.000000
267.000000
271.000000
270.000000
268.000000
221.000000
217.000000
215.000000
217.000000
167.000000
161.000000
164.000000
161.000000
161.000000
274.000000
267.000000
269.000000
269.000000
318.000000
268.000000
268.000000
269.000000
273.000000
267.000000
270.000000
272.000000
268.000000
272.000000
268.000000
268.000000
271.000000
271.000000
217.000000
217.000000
268.000000
267.000000
219.000000
268.000000
267.000000
271.000000
268.000000
268.000000
322.000000
268.000000
272.000000
268.000000
272.000000
271.000000
234.000000
268.000000
268.000000
267.000000
269.000000
214.000000
215.000000
217.000000
214.000000
214.000000
217.000000
220.000000
214.000000
214.000000
179.000000
214.000000
269.000000
371.000000
268.000000
269.000000
270.000000
270.000000
269.000000
267.000000
271.000000
268.000000
268.000000
267.000000
267.000000
271.000000
267.000000
274.000000
267.000000
214.000000
269.000000
321.000000
270.000000
161.000000
168.000000
108.000000
108.000000
110.000000
161.000000
162.000000
161.000000
214.000000
272.000000
91.000000
270.000000
268.000000
268.000000
269.000000
268.000000
271.000000
267.000000
372.000000
273.000000
268.000000
271.000000
275.000000
237.000000
268.000000
269.000000
273.000000
272.000000
270.000000
215.000000
215.000000
220.000000
214.000000
215.000000
215.000000
217.000000
214.000000
268.000000
268.000000
271.000000
274.000000
281.000000
274.000000
271.000000
267.000000
270.000000
270.000000
272.000000
272.000000
268.000000
267.000000
270.000000
268.000000
269.000000
267.000000
267.000000
323.000000
267.000000
273.000000
274.000000
284.000000
268.000000
268.000000
272.000000
268.000000
214.000000
214.000000
215.000000
214.000000
220.000000
214.000000
221.000000
217.000000
216.000000
215.000000
271.000000
221.000000
215.000000
326.000000
268.000000
269.000000
267.000000
214.000000
225.000000
271.000000
275.000000
268.000000
268.000000
267.000000
268.000000
214.000000
214.000000
270.000000
214.000000
214.000000
214.000000
214.000000
214.000000
215.000000
214.000000
220.000000
214.000000
270.000000
267.000000
271.000000
271.000000
271.000000
271.000000
319.000000
268.000000
268.000000
268.000000
268.000000
217.000000
215.000000
214.000000
267.000000
267.000000
268.000000
271.000000
319.000000
274.000000
268.000000
268.000000
271.000000
271.000000
268.000000
268.000000
218.000000
215.000000
218.000000
218.000000
214.000000
214.000000
216.000000
214.000000
218.000000
268.000000
217.000000
265.000000
217.000000
215.000000
220.000000
214.000000
216.000000
217.000000
160.000000
216.000000
216.000000
161.000000
163.000000
164.000000
163.000000
161.000000
161.000000
161.000000
218.000000
216.000000
268.000000
267.000000
270.000000
164.000000
162.000000
161.000000
161.000000
161.000000
214.000000
214.000000
216.000000
271.000000
273.000000
277.000000
277.000000
268.000000
267.000000
268.000000
274.000000
268.000000
267.000000
161.000000
164.000000
321.000000
268.000000
267.000000
274.000000
267.000000
268.000000
270.000000
267.000000
271.000000
214.000000
218.000000
268.000000
216.000000
217.000000
218.000000
214.000000
266.000000
214.000000
217.000000
214.000000
214.000000
214.000000
318.000000
267.000000
272.000000
268.000000
268.000000
268.000000
269.000000
268.000000
267.000000
319.000000
270.000000
274.000000
267.000000
271.000000
270.000000
274.000000
270.000000
268.000000
276.000000
271.000000
267.000000
222.000000
272.000000
267.000000
271.000000
268.000000
268.000000
268.000000
271.000000
268.000000
268.000000
271.000000
268.000000
270.000000
321.000000
271.000000
267.000000
268.000000
267.000000
271.000000
268.000000
268.000000
268.000000
319.000000
283.000000
271.000000
272.000000
271.000000
267.000000
272.000000
268.000000
271.000000
271.000000
161.000000
164.000000
219.000000
271.000000
269.000000
270.000000
270.000000
267.000000
268.000000
271.000000
270.000000
267.000000
319.000000
268.000000
273.000000
270.000000
268.000000
267.000000
271.000000
267.000000
269.000000
272.000000
273.000000
268.000000
272.000000
268.000000
267.000000
267.000000
328.000000
220.000000
271.000000
319.000000
280.000000
267.000000
271.000000
322.000000
218.000000
215.000000
218.000000
271.000000
270.000000
270.000000
267.000000
270.000000
271.000000
270.000000
271.000000
271.000000
271.000000
267.000000
270.000000
270.000000
271.000000
271.000000
271.000000
269.000000
269.000000
271.000000
268.000000
271.000000
268.000000
270.000000
270.000000
272.000000
214.000000
226.000000
217.000000
215.000000
214.000000
217.000000
271.000000
215.000000
217.000000
214.000000
161.000000
161.000000
161.000000
218.000000
270.000000
268.000000
217.000000
215.000000
218.000000
214.000000
215.000000
319.000000
270.000000
270.000000
214.000000
214.000000
214.000000
216.000000
220.000000
161.000000
214.000000
220.000000
265.000000
214.000000
217.000000
219.000000
268.000000
271.000000
271.000000
214.000000
216.000000
217.000000
161.000000
161.000000
161.000000
218.000000
326.000000
274.000000
274.000000
268.000000
371.000000
271.000000
268.000000
271.000000
214.000000
217.000000
214.000000
214.000000
218.000000
166.000000
268.000000
220.000000
221.000000
217.000000
214.000000
217.000000
221.000000
214.000000
215.000000
217.000000
214.000000
214.000000
218.000000
215.000000
274.000000
268.000000
269.000000
268.000000
274.000000
270.000000
267.000000
267.000000
273.000000
268.000000
267.000000
271.000000
271.000000
270.000000
269.000000
186.000000
272.000000
270.000000
268.000000
271.000000
267.000000
267.000000
267.000000
268.000000
215.000000
214.000000
218.000000
219.000000
269.000000
215.000000
269.000000
270.000000
217.000000
214.000000
217.000000
4069.000000
215.000000
319.000000
273.000000
265.000000
274.000000
270.000000
270.000000
271.000000
274.000000
271.000000
268.000000
324.000000
265.000000
267.000000
270.000000
268.000000
270.000000
285.000000
268.000000
276.000000
271.000000
268.000000
268.000000
268.000000
267.000000
271.000000
268.000000
268.000000
270.000000
267.000000
267.000000
270.000000
123.000000
271.000000
246.000000
267.000000
270.000000
271.000000
214.000000
133.000000
218.000000
220.000000
215.000000
217.000000
218.000000
162.000000
161.000000
214.000000
215.000000
218.000000
267.000000
271.000000
273.000000
271.000000
267.000000
267.000000
271.000000
220.000000
215.000000
214.000000
215.000000
214.000000
271.000000
274.000000
275.000000
271.000000
268.000000
267.000000
278.000000
271.000000
325.000000
268.000000
267.000000
267.000000
272.000000
268.000000
272.000000
275.000000
269.000000
268.000000
267.000000
268.000000
214.000000
217.000000
214.000000
214.000000
218.000000
268.000000
268.000000
271.000000
319.000000
165.000000
161.000000
164.000000
214.000000
214.000000
217.000000
215.000000
273.000000
268.000000
271.000000
268.000000
274.000000
169.000000
327.000000
270.000000
271.000000
271.000000
268.000000
268.000000
268.000000
267.000000
268.000000
272.000000
271.000000
268.000000
269.000000
270.000000
268.000000
318.000000
271.000000
268.000000
217.000000
214.000000
214.000000
267.000000
267.000000
267.000000
268.000000
270.000000
267.000000
271.000000
267.000000
268.000000
271.000000
219.000000
214.000000
217.000000
218.000000
217.000000
220.000000
268.000000
271.000000
272.000000
271.000000
270.000000
271.000000
271.000000
268.000000
186.000000
268.000000
267.000000
268.000000
271.000000
270.000000
277.000000
270.000000
268.000000
271.000000
270.000000
268.000000
268.000000
271.000000
271.000000
268.000000
273.000000
267.000000
268.000000
267.000000
269.000000
268.000000
237.000000
265.000000
163.000000
217.000000
218.000000
267.000000
270.000000
322.000000
271.000000
270.000000
268.000000
271.000000
271.000000
267.000000
276.000000
322.000000
270.000000
267.000000
268.000000
267.000000
267.000000
271.000000
268.000000
269.000000
214.000000
221.000000
180.000000
269.000000
270.000000
271.000000
268.000000
270.000000
267.000000
271.000000
268.000000
268.000000
271.000000
271.000000
267.000000
274.000000
271.000000
270.000000
268.000000
271.000000
271.000000
218.000000
271.000000
274.000000
268.000000
214.000000
220.000000
214.000000
214.000000
215.000000
214.000000
164.000000
167.000000
161.000000
214.000000
218.000000
216.000000
270.000000
270.000000
268.000000
271.000000
268.000000
275.000000
270.000000
269.000000
272.000000
269.000000
270.000000
269.000000
267.000000
268.000000
268.000000
231.000000
217.000000
215.000000
214.000000
215.000000
216.000000
267.000000
270.000000
268.000000
276.000000
222.000000
218.000000
270.000000
161.000000
218.000000
216.000000
214.000000
215.000000
219.000000
217.000000
271.000000
267.000000
267.000000
322.000000
324.000000
319.000000
223.000000
270.000000
272.000000
266.000000
216.000000
214.000000
220.000000
215.000000
215.000000
220.000000
216.000000
274.000000
270.000000
271.000000
269.000000
214.000000
216.000000
217.000000
220.000000
272.000000
267.000000
271.000000
269.000000
219.000000
319.000000
268.000000
268.000000
274.000000
322.000000
267.000000
218.000000
271.000000
270.000000
271.000000
270.000000
223.000000
267.000000
142.000000
272.000000
271.000000
271.000000
183.000000
274.000000
272.000000
268.000000
271.000000
271.000000
268.000000
271.000000
268.000000
270.000000
267.000000
270.000000
323.000000
268.000000
268.000000
270.000000
268.000000
268.000000
271.000000
269.000000
268.000000
271.000000
270.000000
267.000000
275.000000
267.000000
319.000000
272.000000
268.000000
267.000000
272.000000
272.000000
267.000000
268.000000
272.000000
268.000000
268.000000
270.000000
268.000000
270.000000
324.000000
271.000000
270.000000
270.000000
267.000000
268.000000
268.000000
268.000000
268.000000
267.000000
219.000000
274.000000
271.000000
271.000000
271.000000
269.000000
271.000000
268.000000
269.000000
271.000000
215.000000
4253.000000
323.000000
268.000000
273.000000
267.000000
268.000000
271.000000
271.000000
223.000000
268.000000
268.000000
269.000000
270.000000
268.000000
270.000000
267.000000
215.000000
214.000000
214.000000
269.000000
161.000000
161.000000
161.000000
161.000000
163.000000
167.000000
163.000000
162.000000
164.000000
214.000000
267.000000
268.000000
277.000000
269.000000
271.000000
271.000000
267.000000
268.000000
271.000000
220.000000
270.000000
221.000000
270.000000
269.000000
746.000000
161.000000
11654.000000
111.000000
272.000000
321.000000
268.000000
274.000000
268.000000
333.000000
271.000000
267.000000
268.000000
370.000000
267.000000
268.000000
267.000000
268.000000
268.000000
268.000000
271.000000
271.000000
214.000000
215.000000
215.000000
215.000000
214.000000
217.000000
214.000000
214.000000
4114.000000
218.000000
218.000000
272.000000
271.000000
161.000000
161.000000
212.000000
162.000000
212.000000
164.000000
220.000000
318.000000
268.000000
270.000000
268.000000
277.000000
268.000000
268.000000
270.000000
270.000000
274.000000
279.000000
268.000000
214.000000
214.000000
220.000000
218.000000
214.000000
214.000000
265.000000
377.000000
214.000000
214.000000
217.000000
216.000000
217.000000
214.000000
218.000000
214.000000
268.000000
271.000000
270.000000
275.000000
275.000000
269.000000
270.000000
271.000000
268.000000
270.000000
278.000000
328.000000
218.000000
217.000000
214.000000
4102.000000
214.000000
218.000000
269.000000
267.000000
268.000000
268.000000
267.000000
268.000000
374.000000
271.000000
267.000000
274.000000
268.000000
269.000000
271.000000
268.000000
272.000000
271.000000
271.000000
271.000000
270.000000
217.000000
217.000000
169.000000
268.000000
272.000000
270.000000
268.000000
268.000000
267.000000
161.000000
161.000000
164.000000
161.000000
165.000000
160.000000
161.000000
161.000000
161.000000
271.000000
268.000000
267.000000
270.000000
268.000000
268.000000
268.000000
270.000000
270.000000
274.000000
269.000000
267.000000
270.000000
318.000000
344.000000
268.000000
268.000000
268.000000
271.000000
271.000000
215.000000
214.000000
214.000000
214.000000
212.000000
268.000000
268.000000
269.000000
270.000000
271.000000
320.000000
268.000000
268.000000
268.000000
268.000000
268.000000
269.000000
270.000000
271.000000
267.000000
273.000000
268.000000
267.000000
272.000000
267.000000
271.000000
268.000000
214.000000
215.000000
215.000000
215.000000
219.000000
217.000000
217.000000
215.000000
214.000000
161.000000
215.000000
216.000000
214.000000
266.000000
215.000000
319.000000
270.000000
268.000000
271.000000
273.000000
267.000000
268.000000
268.000000
270.000000
214.000000
270.000000
275.000000
268.000000
268.000000
270.000000
271.000000
268.000000
268.000000
267.000000
271.000000
268.000000
267.000000
269.000000
270.000000
271.000000
268.000000
268.000000
268.000000
267.000000
269.000000
275.000000
214.000000
215.000000
217.000000
4344.000000
274.000000
218.000000
275.000000
269.000000
218.000000
272.000000
267.000000
205.000000
268.000000
319.000000
274.000000
268.000000
267.000000
268.000000
267.000000
220.000000
4109.000000
217.000000
214.000000
216.000000
268.000000
274.000000
268.000000
269.000000
270.000000
268.000000
271.000000
280.000000
267.000000
319.000000
268.000000
267.000000
268.000000
274.000000
268.000000
267.000000
268.000000
267.000000
268.000000
269.000000
215.000000
217.000000
214.000000
221.000000
217.000000
214.000000
218.000000
274.000000
4097.000000
214.000000
218.000000
215.000000
215.000000
218.000000
215.000000
217.000000
375.000000
217.000000
214.000000
267.000000
268.000000
267.000000
271.000000
271.000000
267.000000
268.000000
268.000000
271.000000
267.000000
267.000000
267.000000
268.000000
269.000000
268.000000
319.000000
269.000000
218.000000
217.000000
265.000000
217.000000
215.000000
265.000000
268.000000
268.000000
271.000000
319.000000
272.000000
267.000000
271.000000
214.000000
214.000000
217.000000
220.000000
272.000000
271.000000
289.000000
353.000000
268.000000
267.000000
268.000000
318.000000
217.000000
214.000000
217.000000
214.000000
214.000000
219.000000
214.000000
220.000000
214.000000
268.000000
267.000000
271.000000
268.000000
268.000000
268.000000
271.000000
271.000000
267.000000
268.000000
267.000000
270.000000
215.000000
270.000000
268.000000
267.000000
269.000000
267.000000
214.000000
267.000000
271.000000
268.000000
267.000000
271.000000
270.000000
319.000000
270.000000
268.000000
218.000000
271.000000
215.000000
215.000000
220.000000
218.000000
221.000000
217.000000
218.000000
214.000000
268.000000
268.000000
270.000000
271.000000
270.000000
269.000000
268.000000
107.000000
111.000000
111.000000
164.000000
319.000000
268.000000
220.000000
268.000000
268.000000
268.000000
268.000000
268.000000
220.000000
214.000000
214.000000
216.000000
214.000000
268.000000
266.000000
162.000000
267.000000
215.000000
220.000000
214.000000
215.000000
218.000000
265.000000
214.000000
214.000000
268.000000
273.000000
270.000000
268.000000
271.000000
216.000000
214.000000
214.000000
167.000000
217.000000
215.000000
216.000000
214.000000
214.000000
161.000000
268.000000
273.000000
215.000000
274.000000
274.000000
271.000000
267.000000
269.000000
268.000000
220.000000
218.000000
270.000000
271.000000
267.000000
268.000000
269.000000
269.000000
270.000000
270.000000
267.000000
271.000000
219.000000
217.000000
214.000000
122.000000
161.000000
162.000000
161.000000
163.000000
161.000000
275.000000
268.000000
268.000000
271.000000
267.000000
269.000000
217.000000
269.000000
268.000000
272.000000
268.000000
132.000000
273.000000
268.000000
267.000000
223.000000
268.000000
271.000000
267.000000
268.000000
218.000000
161.000000
6224.000000
162.000000
161.000000
164.000000
161.000000
161.000000
161.000000
161.000000
161.000000
217.000000
268.000000
267.000000
268.000000
268.000000
214.000000
164.000000
272.000000
268.000000
271.000000
270.000000
267.000000
272.000000
219.000000
270.000000
322.000000
269.000000
271.000000
271.000000
268.000000
218.000000
221.000000
215.000000
215.000000
214.000000
214.000000
214.000000
215.000000
217.000000
271.000000
214.000000
214.000000
269.000000
214.000000
266.000000
218.000000
270.000000
269.000000
267.000000
270.000000
272.000000
283.000000
271.000000
268.000000
322.000000
268.000000
214.000000
215.000000
214.000000
214.000000
214.000000
218.000000
160.000000
215.000000
214.000000
216.000000
214.000000
270.000000
268.000000
271.000000
267.000000
268.000000
322.000000
271.000000
270.000000
267.000000
268.000000
277.000000
273.000000
274.000000
268.000000
275.000000
268.000000
274.000000
268.000000
268.000000
268.000000
269.000000
270.000000
276.000000
271.000000
270.000000
267.000000
268.000000
271.000000
271.000000
268.000000
278.000000
270.000000
217.000000
217.000000
217.000000
269.000000
215.000000
218.000000
274.000000
268.000000
267.000000
268.000000
271.000000
271.000000
270.000000
268.000000
267.000000
271.000000
272.000000
214.000000
221.000000
218.000000
215.000000
218.000000
218.000000
215.000000
215.000000
214.000000
218.000000
214.000000
267.000000
267.000000
268.000000
275.000000
267.000000
268.000000
217.000000
217.000000
218.000000
217.000000
267.000000
161.000000
167.000000
161.000000
108.000000
108.000000
267.000000
270.000000
273.000000
274.000000
214.000000
214.000000
274.000000
268.000000
270.000000
268.000000
272.000000
269.000000
268.000000
220.000000
215.000000
217.000000
217.000000
216.000000
214.000000
214.000000
219.000000
215.000000
205.000000
164.000000
164.000000
160.000000
164.000000
160.000000
214.000000
214.000000
214.000000
215.000000
161.000000
218.000000
218.000000
217.000000
215.000000
268.000000
268.000000
268.000000
267.000000
323.000000
268.000000
274.000000
267.000000
268.000000
274.000000
268.000000
274.000000
272.000000
215.000000
216.000000
215.000000
217.000000
270.000000
218.000000
216.000000
270.000000
274.000000
270.000000
168.000000
276.000000
268.000000
214.000000
268.000000
214.000000
214.000000
214.000000
215.000000
216.000000
218.000000
214.000000
214.000000
268.000000
267.000000
272.000000
270.000000
271.000000
267.000000
214.000000
268.000000
271.000000
274.000000
326.000000
271.000000
271.000000
271.000000
267.000000
319.000000
271.000000
268.000000
268.000000
268.000000
267.000000
273.000000
322.000000
271.000000
268.000000
268.000000
271.000000
268.000000
268.000000
268.000000
273.000000
273.000000
268.000000
268.000000
220.000000
215.000000
214.000000
214.000000
218.000000
214.000000
217.000000
217.000000
275.000000
268.000000
267.000000
217.000000
214.000000
217.000000
267.000000
275.000000
274.000000
271.000000
268.000000
271.000000
269.000000
268.000000
274.000000
268.000000
273.000000
268.000000
216.000000
214.000000
218.000000
214.000000
214.000000
218.000000
214.000000
271.000000
268.000000
272.000000
322.000000
271.000000
271.000000
271.000000
218.000000
164.000000
161.000000
214.000000
219.000000
214.000000
268.000000
325.000000
270.000000
274.000000
274.000000
167.000000
161.000000
164.000000
164.000000
217.000000
267.000000
319.000000
268.000000
268.000000
272.000000
270.000000
269.000000
270.000000
269.000000
270.000000
271.000000
271.000000
273.000000
267.000000
271.000000
270.000000
280.000000
270.000000
275.000000
273.000000
267.000000
269.000000
270.000000
322.000000
270.000000
271.000000
271.000000
267.000000
268.000000
275.000000
272.000000
266.000000
270.000000
267.000000
274.000000
272.000000
271.000000
269.000000
273.000000
268.000000
270.000000
269.000000
222.000000
270.000000
267.000000
271.000000
219.000000
271.000000
272.000000
268.000000
267.000000
214.000000
217.000000
319.000000
214.000000
214.000000
268.000000
277.000000
267.000000
269.000000
271.000000
271.000000
273.000000
216.000000
214.000000
219.000000
161.000000
266.000000
272.000000
268.000000
267.000000
268.000000
271.000000
219.000000
268.000000
213.000000
217.000000
214.000000
266.000000
214.000000
214.000000
163.000000
161.000000
161.000000
221.000000
220.000000
218.000000
219.000000
214.000000
268.000000
271.000000
270.000000
271.000000
269.000000
267.000000
271.000000
268.000000
270.000000
268.000000
271.000000
271.000000
268.000000
270.000000
271.000000
270.000000
270.000000
281.000000
267.000000
271.000000
268.000000
219.000000
268.000000
268.000000
268.000000
276.000000
267.000000
271.000000
270.000000
268.000000
268.000000
268.000000
271.000000
274.000000
274.000000
268.000000
273.000000
270.000000
267.000000
268.000000
274.000000
268.000000
268.000000
274.000000
267.000000
269.000000
269.000000
269.000000
267.000000
231.000000
271.000000
267.000000
267.000000
223.000000
270.000000
267.000000
269.000000
271.000000
267.000000
271.000000
267.000000
268.000000
270.000000
271.000000
271.000000
214.000000
214.000000
220.000000
214.000000
270.000000
268.000000
111.000000
110.000000
111.000000
162.000000
107.000000
108.000000
268.000000
271.000000
148062.000000
270.000000
268.000000
276.000000
271.000000
267.000000
232.000000
271.000000
269.000000
270.000000
267.000000
268.000000
267.000000
268.000000
271.000000
267.000000
271.000000
218.000000
214.000000
215.000000
215.000000
272.000000
319.000000
274.000000
273.000000
270.000000
268.000000
268.000000
267.000000
269.000000
268.000000
164.000000
267.000000
271.000000
271.000000
270.000000
97.000000
214.000000
214.000000
217.000000
217.000000
214.000000
164.000000
214.000000
214.000000
217.000000
221.000000
217.000000
214.000000
214.000000
214.000000
217.000000
214.000000
271.000000
319.000000
273.000000
268.000000
269.000000
271.000000
267.000000
268.000000
267.000000
277.000000
218.000000
214.000000
214.000000
214.000000
217.000000
214.000000
217.000000
217.000000
214.000000
268.000000
267.000000
269.000000
273.000000
268.000000
268.000000
271.000000
268.000000
271.000000
267.000000
270.000000
272.000000
271.000000
277.000000
163.000000
167.000000
164.000000
214.000000
267.000000
268.000000
270.000000
267.000000
267.000000
268.000000
271.000000
268.000000
270.000000
160.000000
163.000000
161.000000
214.000000
268.000000
269.000000
270.000000
270.000000
267.000000
267.000000
319.000000
270.000000
271.000000
268.000000
275.000000
267.000000
271.000000
268.000000
319.000000
270.000000
268.000000
271.000000
271.000000
269.000000
268.000000
268.000000
271.000000
267.000000
217.000000
215.000000
217.000000
217.000000
213.000000
268.000000
214.000000
217.000000
268.000000
322.000000
269.000000
377.000000
276.000000
270.000000
273.000000
272.000000
267.000000
268.000000
270.000000
215.000000
214.000000
215.000000
214.000000
164.000000
160.000000
224.000000
218.000000
215.000000
215.000000
215.000000
268.000000
214.000000
218.000000
220.000000
220.000000
218.000000
214.000000
169.000000
267.000000
214.000000
215.000000
226.000000
164.000000
214.000000
215.000000
270.000000
322.000000
271.000000
217.000000
161.000000
161.000000
273.000000
267.000000
272.000000
267.000000
268.000000
268.000000
319.000000
273.000000
218.000000
215.000000
218.000000
218.000000
215.000000
218.000000
268.000000
326.000000
269.000000
215.000000
218.000000
215.000000
218.000000
267.000000
268.000000
268.000000
270.000000
214.000000
217.000000
215.000000
217.000000
214.000000
217.000000
214.000000
214.000000
214.000000
271.000000
223.000000
276.000000
159.000000
210.000000
271.000000
268.000000
269.000000
268.000000
271.000000
271.000000
270.000000
268.000000
271.000000
267.000000
272.000000
267.000000
234.000000
269.000000
273.000000
267.000000
270.000000
320.000000
274.000000
276.000000
273.000000
214.000000
215.000000
214.000000
214.000000
214.000000
216.000000
218.000000
217.000000
217.000000
214.000000
214.000000
215.000000
267.000000
271.000000
327.000000
268.000000
269.000000
319.000000
270.000000
273.000000
271.000000
274.000000
270.000000
270.000000
268.000000
267.000000
323.000000
267.000000
274.000000
271.000000
268.000000
217.000000
218.000000
215.000000
215.000000
214.000000
214.000000
274.000000
270.000000
268.000000
268.000000
274.000000
268.000000
274.000000
267.000000
271.000000
220.000000
271.000000
267.000000
319.000000
268.000000
268.000000
270.000000
268.000000
274.000000
324.000000
268.000000
218.000000
225.000000
220.000000
160.000000
162.000000
161.000000
219.000000
218.000000
267.000000
271.000000
215.000000
220.000000
214.000000
218.000000
218.000000
6564.000000
164.000000
212.000000
217.000000
214.000000
218.000000
215.000000
214.000000
268.000000
268.000000
268.000000
270.000000
268.000000
271.000000
267.000000
214.000000
215.000000
217.000000
214.000000
218.000000
214.000000
214.000000
214.000000
214.000000
217.000000
214.000000
219.000000
215.000000
271.000000
268.000000
268.000000
268.000000
268.000000
272.000000
271.000000
270.000000
271.000000
270.000000
217.000000
215.000000
214.000000
220.000000
218.000000
218.000000
214.000000
214.000000
162.000000
8065.000000
218.000000
219.000000
214.000000
217.000000
4076.000000
217.000000
215.000000
270.000000
269.000000
214.000000
215.000000
271.000000
271.000000
268.000000
271.000000
267.000000
267.000000
271.000000
270.000000
272.000000
268.000000
268.000000
271.000000
268.000000
268.000000
326.000000
275.000000
268.000000
268.000000
274.000000
268.000000
268.000000
318.000000
270.000000
319.000000
268.000000
270.000000
327.000000
267.000000
268.000000
274.000000
268.000000
268.000000
270.000000
267.000000
268.000000
271.000000
270.000000
268.000000
268.000000
270.000000
267.000000
269.000000
271.000000
328.000000
239.000000
268.000000
271.000000
268.000000
268.000000
267.000000
318.000000
275.000000
215.000000
218.000000
4224.000000
217.000000
215.000000
217.000000
217.000000
214.000000
163.000000
217.000000
214.000000
218.000000
269.000000
274.000000
269.000000
270.000000
270.000000
268.000000
267.000000
220.000000
275.000000
225.000000
268.000000
269.000000
270.000000
270.000000
279.000000
268.000000
267.000000
215.000000
212.000000
214.000000
214.000000
216.000000
214.000000
268.000000
267.000000
270.000000
267.000000
271.000000
318.000000
274.000000
272.000000
272.000000
270.000000
140.000000
269.000000
271.000000
274.000000
267.000000
268.000000
270.000000
191.000000
271.000000
268.000000
276.000000
268.000000
269.000000
268.000000
273.000000
267.000000
322.000000
267.000000
318.000000
221.000000
269.000000
319.000000
270.000000
268.000000
274.000000
270.000000
274.000000
324.000000
268.000000
276.000000
268.000000
268.000000
268.000000
270.000000
274.000000
267.000000
270.000000
268.000000
271.000000
271.000000
268.000000
268.000000
271.000000
325.000000
322.000000
268.000000
271.000000
267.000000
268.000000
270.000000
218.000000
217.000000
214.000000
217.000000
215.000000
215.000000
271.000000
222.000000
268.000000
220.000000
273.000000
214.000000
214.000000
214.000000
288.000000
268.000000
271.000000
215.000000
271.000000
272.000000
214.000000
218.000000
268.000000
214.000000
164.000000
164.000000
164.000000
218.000000
319.000000
275.000000
273.000000
268.000000
267.000000
267.000000
273.000000
272.000000
278.000000
267.000000
268.000000
276.000000
269.000000
217.000000
217.000000
214.000000
216.000000
214.000000
214.000000
213.000000
268.000000
270.000000
324.000000
275.000000
271.000000
265.000000
268.000000
214.000000
214.000000
214.000000
214.000000
214.000000
217.000000
214.000000
267.000000
267.000000
267.000000
214.000000
217.000000
214.000000
214.000000
214.000000
267.000000
271.000000
267.000000
268.000000
271.000000
270.000000
318.000000
269.000000
272.000000
270.000000
277.000000
268.000000
268.000000
267.000000
267.000000
274.000000
215.000000
217.000000
215.000000
215.000000
215.000000
214.000000
268.000000
273.000000
267.000000
274.000000
196.000000
267.000000
161.000000
8047.000000
273.000000
268.000000
267.000000
276.000000
267.000000
220.000000
267.000000
293.000000
271.000000
267.000000
267.000000
271.000000
267.000000
273.000000
214.000000
218.000000
223.000000
214.000000
215.000000
319.000000
270.000000
268.000000
271.000000
214.000000
214.000000
4107.000000
221.000000
274.000000
224.000000
268.000000
271.000000
273.000000
319.000000
270.000000
269.000000
270.000000
268.000000
274.000000
113.000000
268.000000
270.000000
268.000000
268.000000
270.000000
272.000000
268.000000
268.000000
270.000000
270.000000
267.000000
215.000000
218.000000
215.000000
219.000000
215.000000
218.000000
215.000000
214.000000
268.000000
271.000000
270.000000
267.000000
268.000000
270.000000
267.000000
215.000000
215.000000
214.000000
215.000000
214.000000
218.000000
214.000000
214.000000
215.000000
214.000000
271.000000
271.000000
267.000000
271.000000
268.000000
275.000000
271.000000
268.000000
271.000000
217.000000
268.000000
271.000000
324.000000
271.000000
271.000000
270.000000
268.000000
267.000000
273.000000
270.000000
268.000000
268.000000
274.000000
267.000000
268.000000
267.000000
273.000000
268.000000
269.000000
267.000000
268.000000
219.000000
217.000000
220.000000
214.000000
271.000000
268.000000
268.000000
269.000000
271.000000
267.000000
268.000000
267.000000
267.000000
268.000000
271.000000
270.000000
269.000000
217.000000
271.000000
274.000000
268.000000
319.000000
319.000000
271.000000
267.000000
273.000000
266.000000
267.000000
267.000000
268.000000
221.000000
214.000000
214.000000
214.000000
268.000000
267.000000
272.000000
270.000000
272.000000
275.000000
268.000000
268.000000
268.000000
271.000000
274.000000
219.000000
268.000000
273.000000
323.000000
268.000000
268.000000
267.000000
268.000000
271.000000
268.000000
274.000000
267.000000
274.000000
268.000000
269.000000
268.000000
267.000000
268.000000
270.000000
273.000000
274.000000
270.000000
268.000000
277.000000
268.000000
268.000000
273.000000
270.000000
267.000000
323.000000
270.000000
268.000000
271.000000
221.000000
276.000000
268.000000
219.000000
164.000000
165.000000
167.000000
160.000000
165.000000
161.000000
271.000000
271.000000
214.000000
214.000000
218.000000
217.000000
215.000000
220.000000
220.000000
215.000000
219.000000
219.000000
217.000000
214.000000
214.000000
271.000000
268.000000
271.000000
267.000000
269.000000
267.000000
271.000000
268.000000
269.000000
268.000000
214.000000
218.000000
214.000000
268.000000
268.000000
268.000000
269.000000
268.000000
268.000000
319.000000
268.000000
217.000000
164.000000
8099.000000
161.000000
163.000000
217.000000
219.000000
214.000000
214.000000
268.000000
271.000000
268.000000
214.000000
160.000000
161.000000
274.000000
268.000000
270.000000
270.000000
274.000000
271.000000
272.000000
268.000000
274.000000
267.000000
271.000000
268.000000
268.000000
268.000000
269.000000
217.000000
217.000000
214.000000
214.000000
214.000000
160.000000
160.000000
160.000000
217.000000
318.000000
271.000000
218.000000
215.000000
214.000000
214.000000
268.000000
267.000000
214.000000
214.000000
215.000000
223.000000
216.000000
267.000000
270.000000
270.000000
268.000000
270.000000
218.000000
214.000000
217.000000
218.000000
217.000000
217.000000
217.000000
217.000000
217.000000
214.000000
218.000000
217.000000
214.000000
217.000000
218.000000
214.000000
217.000000
214.000000
214.000000
267.000000
214.000000
215.000000
214.000000
268.000000
274.000000
273.000000
268.000000
271.000000
214.000000
220.000000
268.000000
163.000000
161.000000
161.000000
162.000000
160.000000
163.000000
214.000000
214.000000
268.000000
267.000000
269.000000
279.000000
270.000000
271.000000
273.000000
268.000000
268.000000
267.000000
270.000000
271.000000
273.000000
275.000000
268.000000
322.000000
270.000000
268.000000
268.000000
270.000000
218.000000
215.000000
217.000000
269.000000
271.000000
267.000000
268.000000
321.000000
319.000000
270.000000
322.000000
270.000000
270.000000
271.000000
271.000000
268.000000
271.000000
222.000000
268.000000
322.000000
270.000000
267.000000
322.000000
269.000000
217.000000
218.000000
214.000000
215.000000
215.000000
214.000000
214.000000
216.000000
266.000000
4078.000000
163.000000
215.000000
214.000000
214.000000
214.000000
218.000000
215.000000
217.000000
271.000000
55.000000
54.000000
55.000000
54.000000
54.000000
107.000000
107.000000
268.000000
214.000000
214.000000
218.000000
215.000000
217.000000
217.000000
217.000000
217.000000
214.000000
214.000000
269.000000
271.000000
268.000000
327.000000
273.000000
323.000000
268.000000
268.000000
271.000000
268.000000
271.000000
268.000000
273.000000
268.000000
270.000000
167.000000
161.000000
161.000000
161.000000
164.000000
215.000000
273.000000
268.000000
269.000000
220.000000
217.000000
164.000000
108.000000
108.000000
108.000000
161.000000
164.000000
218.000000
217.000000
215.000000
221.000000
215.000000
214.000000
268.000000
321.000000
268.000000
268.000000
267.000000
267.000000
267.000000
270.000000
268.000000
271.000000
271.000000
267.000000
268.000000
270.000000
268.000000
288.000000
270.000000
267.000000
267.000000
267.000000
269.000000
270.000000
267.000000
271.000000
272.000000
268.000000
268.000000
275.000000
223.000000
271.000000
267.000000
268.000000
274.000000
271.000000
214.000000
216.000000
213.000000
215.000000
219.000000
215.000000
267.000000
268.000000
271.000000
274.000000
322.000000
270.000000
319.000000
267.000000
267.000000
318.000000
270.000000
268.000000
268.000000
267.000000
271.000000
271.000000
271.000000
271.000000
321.000000
267.000000
268.000000
214.000000
161.000000
164.000000
161.000000
160.000000
217.000000
274.000000
271.000000
267.000000
267.000000
323.000000
271.000000
274.000000
269.000000
268.000000
268.000000
295.000000
268.000000
271.000000
268.000000
267.000000
217.000000
217.000000
214.000000
179.000000
219.000000
218.000000
214.000000
271.000000
271.000000
268.000000
273.000000
271.000000
164.000000
161.000000
161.000000
160.000000
212.000000
161.000000
214.000000
217.000000
270.000000
267.000000
268.000000
139.000000
270.000000
270.000000
268.000000
271.000000
271.000000
9239.000000
268.000000
164.000000
161.000000
161.000000
218.000000
214.000000
215.000000
268.000000
268.000000
164.000000
161.000000
160.000000
164.000000
8065.000000
217.000000
217.000000
268.000000
271.000000
319.000000
268.000000
272.000000
267.000000
272.000000
273.000000
268.000000
272.000000
268.000000
319.000000
274.000000
267.000000
268.000000
269.000000
271.000000
270.000000
318.000000
268.000000
271.000000
272.000000
269.000000
267.000000
267.000000
269.000000
268.000000
269.000000
267.000000
273.000000
268.000000
272.000000
214.000000
214.000000
214.000000
270.000000
270.000000
278.000000
268.000000
267.000000
274.000000
271.000000
276.000000
268.000000
267.000000
319.000000
268.000000
268.000000
268.000000
270.000000
268.000000
268.000000
271.000000
270.000000
214.000000
215.000000
217.000000
218.000000
322.000000
267.000000
270.000000
162.000000
164.000000
162.000000
161.000000
8096.000000
160.000000
268.000000
267.000000
271.000000
186.000000
267.000000
275.000000
269.000000
278.000000
268.000000
269.000000
267.000000
213.000000
217.000000
218.000000
272.000000
218.000000
217.000000
270.000000
272.000000
268.000000
270.000000
275.000000
134.000000
271.000000
269.000000
320.000000
267.000000
271.000000
220.000000
215.000000
215.000000
266.000000
215.000000
267.000000
270.000000
274.000000
214.000000
219.000000
217.000000
224.000000
218.000000
217.000000
215.000000
217.000000
268.000000
267.000000
271.000000
268.000000
267.000000
271.000000
267.000000
273.000000
268.000000
322.000000
271.000000
271.000000
270.000000
271.000000
271.000000
270.000000
270.000000
271.000000
267.000000
274.000000
268.000000
269.000000
268.000000
271.000000
268.000000
268.000000
267.000000
267.000000
271.000000
271.000000
268.000000
269.000000
267.000000
268.000000
161.000000
164.000000
167.000000
161.000000
163.000000
162.000000
271.000000
274.000000
108.000000
164.000000
162.000000
161.000000
217.000000
219.000000
214.000000
267.000000
277.000000
268.000000
274.000000
271.000000
270.000000
268.000000
271.000000
214.000000
271.000000
231.000000
270.000000
269.000000
273.000000
276.000000
267.000000
268.000000
271.000000
271.000000
271.000000
273.000000
270.000000
268.000000
270.000000
271.000000
268.000000
267.000000
268.000000
323.000000
268.000000
267.000000
271.000000
268.000000
271.000000
275.000000
270.000000
271.000000
273.000000
271.000000
268.000000
267.000000
220.000000
270.000000
270.000000
268.000000
273.000000
270.000000
322.000000
268.000000
271.000000
270.000000
214.000000
214.000000
220.000000
214.000000
215.000000
268.000000
271.000000
271.000000
273.000000
275.000000
217.000000
214.000000
215.000000
267.000000
267.000000
268.000000
271.000000
271.000000
214.000000
161.000000
167.000000
161.000000
161.000000
160.000000
265.000000
268.000000
268.000000
271.000000
270.000000
272.000000
274.000000
268.000000
267.000000
268.000000
271.000000
269.000000
274.000000
268.000000
278.000000
273.000000
270.000000
223.000000
271.000000
325.000000
277.000000
319.000000
273.000000
329.000000
269.000000
214.000000
267.000000
272.000000
239.000000
322.000000
270.000000
270.000000
274.000000
268.000000
271.000000
271.000000
272.000000
268.000000
268.000000
268.000000
217.000000
218.000000
214.000000
217.000000
220.000000
214.000000
214.000000
161.000000
2209.000000
218.000000
217.000000
4142.000000
214.000000
166.000000
217.000000
270.000000
272.000000
268.000000
268.000000
275.000000
268.000000
268.000000
271.000000
269.000000
324.000000
267.000000
268.000000
276.000000
274.000000
267.000000
273.000000
269.000000
270.000000
165.000000
164.000000
167.000000
164.000000
161.000000
218.000000
266.000000
274.000000
270.000000
215.000000
214.000000
214.000000
268.000000
268.000000
214.000000
214.000000
215.000000
166.000000
217.000000
217.000000
268.000000
269.000000
267.000000
271.000000
268.000000
267.000000
267.000000
271.000000
268.000000
267.000000
213.000000
214.000000
217.000000
214.000000
214.000000
270.000000
217.000000
214.000000
213.000000
214.000000
214.000000
214.000000
220.000000
160.000000
164.000000
216.000000
163.000000
167.000000
214.000000
214.000000
214.000000
214.000000
217.000000
214.000000
268.000000
272.000000
270.000000
185.000000
268.000000
267.000000
221.000000
214.000000
214.000000
4108.000000
268.000000
248.000000
268.000000
268.000000
268.000000
215.000000
215.000000
215.000000
215.000000
268.000000
270.000000
218.000000
269.000000
270.000000
271.000000
270.000000
271.000000
268.000000
271.000000
267.000000
267.000000
271.000000
268.000000
274.000000
268.000000
268.000000
271.000000
268.000000
270.000000
214.000000
217.000000
215.000000
168.000000
220.000000
273.000000
273.000000
268.000000
271.000000
214.000000
215.000000
271.000000
214.000000
214.000000
214.000000
215.000000
215.000000
223.000000
272.000000
161.000000
160.000000
161.000000
163.000000
161.000000
160.000000
268.000000
268.000000
215.000000
215.000000
215.000000
217.000000
215.000000
217.000000
217.000000
214.000000
214.000000
214.000000
214.000000
214.000000
270.000000
218.000000
278.000000
271.000000
273.000000
268.000000
268.000000
271.000000
268.000000
268.000000
270.000000
271.000000
269.000000
269.000000
271.000000
271.000000
274.000000
271.000000
269.000000
215.000000
214.000000
218.000000
214.000000
164.000000
161.000000
161.000000
164.000000
162.000000
164.000000
162.000000
161.000000
161.000000
214.000000
214.000000
214.000000
214.000000
271.000000
325.000000
267.000000
274.000000
274.000000
164.000000
167.000000
167.000000
110.000000
217.000000
214.000000
215.000000
169.000000
214.000000
214.000000
214.000000
214.000000
268.000000
268.000000
268.000000
319.000000
268.000000
270.000000
268.000000
274.000000
268.000000
271.000000
218.000000
214.000000
214.000000
161.000000
162.000000
161.000000
161.000000
164.000000
160.000000
161.000000
160.000000
162.000000
164.000000
214.000000
270.000000
268.000000
267.000000
215.000000
4153.000000
214.000000
267.000000
214.000000
265.000000
217.000000
268.000000
267.000000
267.000000
267.000000
268.000000
214.000000
214.000000
218.000000
267.000000
267.000000
238.000000
274.000000
274.000000
268.000000
268.000000
268.000000
270.000000
268.000000
270.000000
271.000000
270.000000
268.000000
161.000000
162.000000
107.000000
107.000000
266.000000
214.000000
214.000000
215.000000
270.000000
268.000000
220.000000
214.000000
214.000000
165.000000
215.000000
217.000000
267.000000
215.000000
217.000000
218.000000
215.000000
215.000000
218.000000
218.000000
214.000000
218.000000
265.000000
267.000000
214.000000
215.000000
216.000000
269.000000
268.000000
272.000000
272.000000
214.000000
214.000000
267.000000
271.000000
270.000000
219.000000
217.000000
215.000000
215.000000
267.000000
270.000000
268.000000
269.000000
271.000000
268.000000
274.000000
268.000000
267.000000
268.000000
271.000000
267.000000
267.000000
214.000000
217.000000
214.000000
219.000000
269.000000
270.000000
270.000000
268.000000
267.000000
270.000000
271.000000
269.000000
270.000000
271.000000
268.000000
272.000000
268.000000
274.000000
268.000000
267.000000
271.000000
217.000000
268.000000
271.000000
268.000000
220.000000
267.000000
268.000000
267.000000
267.000000
268.000000
268.000000
270.000000
268.000000
269.000000
268.000000
270.000000
268.000000
270.000000
271.000000
271.000000
111.000000
161.000000
161.000000
214.000000
214.000000
214.000000
215.000000
274.000000
218.000000
268.000000
268.000000
267.000000
271.000000
268.000000
271.000000
319.000000
271.000000
215.000000
215.000000
214.000000
215.000000
214.000000
214.000000
218.000000
214.000000
160.000000
217.000000
215.000000
267.000000
323.000000
268.000000
271.000000
272.000000
198.000000
278.000000
267.000000
268.000000
271.000000
274.000000
268.000000
273.000000
321.000000
269.000000
267.000000
268.000000
271.000000
271.000000
268.000000
271.000000
270.000000
270.000000
215.000000
216.000000
214.000000
215.000000
218.000000
217.000000
219.000000
219.000000
266.000000
217.000000
214.000000
214.000000
216.000000
214.000000
214.000000
221.000000
214.000000
265.000000
217.000000
268.000000
268.000000
214.000000
221.000000
271.000000
267.000000
268.000000
215.000000
215.000000
214.000000
214.000000
271.000000
216.000000
268.000000
270.000000
161.000000
266.000000
165.000000
215.000000
54.000000
54.000000
221.000000
218.000000
268.000000
270.000000
270.000000
268.000000
274.000000
274.000000
269.000000
319.000000
272.000000
271.000000
274.000000
270.000000
270.000000
271.000000
291.000000
274.000000
267.000000
269.000000
271.000000
220.000000
271.000000
267.000000
324.000000
103.000000
318.000000
274.000000
269.000000
268.000000
268.000000
267.000000
268.000000
274.000000
268.000000
267.000000
270.000000
219.000000
268.000000
274.000000
269.000000
271.000000
266.000000
214.000000
214.000000
217.000000
215.000000
271.000000
271.000000
215.000000
215.000000
221.000000
268.000000
269.000000
273.000000
271.000000
272.000000
271.000000
267.000000
179.000000
214.000000
214.000000
215.000000
215.000000
214.000000
215.000000
214.000000
107.000000
267.000000
161.000000
161.000000
215.000000
214.000000
214.000000
214.000000
274.000000
270.000000
214.000000
215.000000
217.000000
216.000000
214.000000
217.000000
217.000000
268.000000
268.000000
268.000000
268.000000
268.000000
272.000000
268.000000
267.000000
268.000000
267.000000
269.000000
269.000000
272.000000
273.000000
214.000000
214.000000
218.000000
218.000000
271.000000
217.000000
217.000000
218.000000
214.000000
108.000000
109.000000
107.000000
107.000000
107.000000
108.000000
159.000000
111.000000
108.000000
268.000000
267.000000
268.000000
268.000000
267.000000
214.000000
217.000000
269.000000
267.000000
268.000000
270.000000
271.000000
232.000000
268.000000
268.000000
271.000000
214.000000
162.000000
161.000000
161.000000
161.000000
160.000000
162.000000
214.000000
214.000000
215.000000
271.000000
270.000000
267.000000
232.000000
