596.000000
656.000000
707.000000
489.000000
496.000000
708.000000
766.000000
598.000000
605.000000
707.000000
601.000000
543.000000
758.000000
553.000000
650.000000
1023.000000
653.000000
659.000000
387.000000
766.000000
701.000000
487.000000
492.000000
549.000000
492.000000
496.000000
20574.000000
24876.000000
706.000000
819.000000
546.000000
491.000000
436.000000
599.000000
606.000000
656.000000
432.000000
501.000000
712.000000
546.000000
593.000000
598.000000
487.000000
489.000000
492.000000
434.000000
596.000000
434.000000
331.000000
329.000000
390.000000
492.000000
380.000000
705.000000
505185.000000
380.000000
499.000000
486.000000
438.000000
547.000000
597.000000
546.000000
601.000000
539.000000
438.000000
717.000000
705.000000
712.000000
710.000000
717.000000
546.000000
380.000000
438.000000
439.000000
441.000000
547.000000
655.000000
599.000000
712.000000
441.000000
554.000000
659.000000
659.000000
657.000000
771.000000
662.000000
706.000000
815.000000
655.000000
653.000000
544.000000
553.000000
598.000000
440.000000
489.000000
653.000000
764.000000
717.000000
721.000000
714.000000
708.000000
707.000000
560.000000
550.000000
613.000000
384.000000
336.000000
386.000000
383.000000
329.000000
333.000000
613.000000
654.000000
660.000000
709.000000
714.000000
655.000000
706.000000
756.000000
444.000000
500.000000
488.000000
708.000000
542337.000000
704.000000
718.000000
705.000000
594.000000
661.000000
659.000000
553.000000
654.000000
656.000000
601.000000
696.000000
441.000000
490.000000
384.000000
492.000000
490.000000
388.000000
386.000000
488.000000
434.000000
491.000000
602.000000
384.000000
607.000000
599.000000
600.000000
546.000000
548.000000
491.000000
549.000000
543.000000
617.000000
543.000000
490.000000
450.000000
497.000000
328.000000
714.000000
663.000000
604.000000
655.000000
548.000000
497.000000
437.000000
485.000000
442.000000
489.000000
485.000000
497.000000
497.000000
491.000000
552.000000
710.000000
810.000000
596.000000
496.000000
552.000000
487.000000
605.000000
658.000000
544.000000
657.000000
607.000000
554.000000
547.000000
545.000000
598.000000
489.000000
496.000000
495.000000
491.000000
387.000000
380.000000
494.000000
705.000000
716.000000
653.000000
654.000000
650.000000
707.000000
711.000000
762.000000
522771.000000
380.000000
443.000000
435.000000
645.000000
654.000000
497.000000
713.000000
656.000000
599.000000
491.000000
554.000000
380.000000
434.000000
484.000000
433.000000
438.000000
442.000000
765.000000
547.000000
549.000000
546.000000
603.000000
5178.000000
495.000000
494.000000
438.000000
438.000000
450.000000
438.000000
500.000000
434.000000
492.000000
492.000000
547.000000
597.000000
603.000000
703.000000
495.000000
437.000000
600.000000
499.000000
551.000000
442.000000
384.000000
384.000000
493.000000
441.000000
326.000000
598.000000
702.000000
820.000000
710.000000
764.000000
548.000000
326.000000
434.000000
434.000000
596.000000
601.000000
596.000000
600.000000
596.000000
552.000000
553.000000
648.000000
703.000000
442.000000
391.000000
440.000000
601.000000
546.000000
549.000000
698.000000
543.000000
602.000000
554.000000
657.000000
657.000000
920.000000
545.000000
548.000000
601.000000
721.000000
709.000000
608.000000
546.000000
542.000000
435.000000
489.000000
493.000000
603.000000
599.000000
544.000000
593.000000
708.000000
601.000000
650.000000
600.000000
600.000000
598.000000
598.000000
383.000000
327.000000
327.000000
598.000000
662.000000
553.000000
545.000000
598.000000
651.000000
649.000000
597.000000
599.000000
553.000000
659.000000
603.000000
659.000000
711.000000
707.000000
717.000000
16010.000000
761.000000
650.000000
938.000000
609.000000
709.000000
560.000000
543.000000
607.000000
437.000000
549.000000
549.000000
560.000000
437.000000
447.000000
388.000000
492.000000
438.000000
543.000000
546.000000
493.000000
649.000000
766.000000
714.000000
654.000000
554.000000
546.000000
550.000000
379.000000
558.000000
708.000000
599.000000
595.000000
713.000000
598.000000
492.000000
488.000000
805.000000
441.000000
548.000000
492.000000
594.000000
605.000000
609.000000
490.000000
495.000000
494.000000
548.000000
494.000000
656.000000
551.000000
489.000000
499.000000
488.000000
602.000000
598.000000
441.000000
493.000000
492.000000
597.000000
655.000000
492.000000
491.000000
450.000000
33271.000000
605.000000
544.000000
722.000000
708.000000
597.000000
658.000000
704.000000
773.000000
765.000000
546.000000
432.000000
434.000000
607.000000
654.000000
599.000000
657.000000
663.000000
650.000000
653.000000
494.000000
607.000000
649.000000
491.000000
547.000000
338.000000
604.000000
596.000000
662.000000
662.000000
542.000000
657.000000
596.000000
652.000000
659.000000
664.000000
598.000000
543.000000
663.000000
545.000000
711.000000
607.000000
334.000000
496.000000
488.000000
823.000000
492.000000
548.000000
598.000000
549.000000
600.000000
652.000000
657.000000
385.000000
391.000000
436.000000
597.000000
661.000000
654.000000
506.000000
445.000000
340.000000
491.000000
501.000000
653.000000
759.000000
611.000000
594.000000
656.000000
658.000000
602.000000
753.000000
606.000000
825.000000
495.000000
599.000000
488.000000
495.000000
543.000000
384.000000
337.000000
383.000000
488.000000
650.000000
651.000000
599.000000
661.000000
595.000000
612.000000
609.000000
601.000000
710.000000
870.000000
707.000000
654.000000
599.000000
761.000000
819.000000
876.000000
816.000000
650.000000
605.000000
491.000000
552.000000
592.000000
600.000000
600.000000
489.000000
547.000000
489.000000
34913.000000
554.000000
542.000000
708.000000
659.000000
603.000000
550.000000
498.000000
547.000000
602.000000
595.000000
649.000000
606.000000
650.000000
663.000000
710.000000
546.000000
440.000000
380.000000
383.000000
597.000000
549.000000
606.000000
649.000000
708.000000
704.000000
602.000000
712.000000
708.000000
713.000000
603.000000
704.000000
599.000000
608.000000
601.000000
386.000000
488.000000
436.000000
543.000000
542.000000
554.000000
709.000000
492.000000
662.000000
701.000000
606.000000
654.000000
607.000000
599.000000
606.000000
708.000000
708.000000
488.000000
496.000000
502.000000
542.000000
494.000000
491.000000
495.000000
598.000000
705.000000
720.000000
19193.000000
704.000000
596.000000
658.000000
662.000000
700.000000
606.000000
708.000000
597.000000
597.000000
649.000000
655.000000
17187.000000
724.000000
598.000000
664.000000
441.000000
437.000000
386.000000
331.000000
757.000000
884.000000
545.000000
595.000000
717.000000
489.000000
489.000000
762.000000
766.000000
658.000000
443.000000
437.000000
381.000000
440.000000
380.000000
488.000000
557.000000
554.000000
761.000000
705.000000
713.000000
605.000000
601.000000
550.000000
544.000000
702.000000
593.000000
492.000000
546.000000
493.000000
383.000000
381.000000
381.000000
388.000000
330.000000
442.000000
658.000000
602.000000
275.000000
495.000000
435.000000
387.000000
435.000000
550.000000
607.000000
539.000000
613.000000
600.000000
552.000000
602.000000
603.000000
542.000000
437.000000
529663.000000
489.000000
491.000000
494.000000
552.000000
698.000000
544.000000
607.000000
548.000000
498.000000
488.000000
499.000000
494.000000
495.000000
497.000000
494.000000
661.000000
658.000000
546.000000
601.000000
596.000000
707.000000
654.000000
766.000000
494.000000
488.000000
490.000000
488.000000
545.000000
548.000000
492.000000
491.000000
601.000000
761.000000
544.000000
599.000000
554.000000
603.000000
437.000000
435.000000
710.000000
549.000000
764.000000
438.000000
491.000000
492.000000
336.000000
328.000000
445.000000
448.000000
597.000000
647.000000
655.000000
542.000000
276.000000
379.000000
491.000000
600.000000
597.000000
606.000000
607.000000
548.000000
713.000000
766.000000
658.000000
650.000000
656.000000
445.000000
329.000000
326.000000
327.000000
380.000000
382.000000
392.000000
549.000000
699.000000
716.000000
761.000000
760.000000
817.000000
542.000000
543.000000
654.000000
727.000000
707.000000
758.000000
601.000000
551.000000
382.000000
327.000000
388.000000
544.000000
708.000000
495.000000
503.000000
600.000000
604.000000
593.000000
596.000000
492.000000
600.000000
655.000000
661.000000
771.000000
608.000000
601.000000
604.000000
967.000000
760.000000
818.000000
489.000000
491.000000
434.000000
438.000000
440.000000
657.000000
601.000000
531629.000000
443.000000
387.000000
441.000000
491.000000
28858.000000
546.000000
548.000000
602.000000
510958.000000
604.000000
384.000000
437.000000
492.000000
655.000000
714.000000
714.000000
21820.000000
654.000000
708.000000
657.000000
659.000000
655.000000
557.000000
545.000000
550.000000
554.000000
491.000000
816.000000
602.000000
546.000000
546.000000
547.000000
608.000000
715.000000
443.000000
437.000000
541.000000
485.000000
821.000000
496.000000
493.000000
873.000000
543.000000
659.000000
651.000000
597.000000
550.000000
499.000000
14903.000000
766.000000
767.000000
861.000000
390.000000
327.000000
444.000000
548.000000
492.000000
492.000000
621.000000
559.000000
600.000000
713.000000
712.000000
657.000000
663.000000
545.000000
596.000000
598.000000
646.000000
705.000000
761.000000
707.000000
549.000000
597.000000
710.000000
545.000000
489.000000
545.000000
546.000000
498.000000
552.000000
549.000000
599.000000
595.000000
434.000000
438.000000
703.000000
715.000000
390.000000
762.000000
498.000000
600.000000
548.000000
489.000000
490.000000
32716.000000
707.000000
600.000000
603.000000
661.000000
710.000000
657.000000
660.000000
539.000000
381.000000
327.000000
492.000000
491.000000
663.000000
710.000000
711.000000
657.000000
542.000000
436.000000
603.000000
488.000000
720.000000
778.000000
818.000000
717.000000
603.000000
702.000000
600.000000
488.000000
327.000000
380.000000
326.000000
526948.000000
439.000000
497.000000
491.000000
546.000000
600.000000
384.000000
382.000000
382.000000
386.000000
384.000000
380.000000
332.000000
436.000000
490.000000
439.000000
598.000000
717.000000
711.000000
649.000000
548.000000
814.000000
507.000000
706.000000
880.000000
550.000000
600.000000
652.000000
762.000000
657.000000
558.000000
446.000000
666.000000
489.000000
443.000000
30793.000000
606.000000
485.000000
491.000000
658.000000
757.000000
766.000000
499.000000
500.000000
489.000000
542.000000
596.000000
29909.000000
820.000000
935.000000
766.000000
707.000000
659.000000
653.000000
487.000000
491.000000
493.000000
706.000000
713.000000
658.000000
656.000000
600.000000
818.000000
665.000000
497.000000
434.000000
545.000000
596.000000
442.000000
647.000000
436.000000
442.000000
645.000000
851.000000
546.000000
653.000000
869.000000
704.000000
761.000000
762.000000
761.000000
650.000000
709.000000
718.000000
652.000000
653.000000
498.000000
438.000000
438.000000
605.000000
602.000000
443.000000
489.000000
491.000000
507.000000
608.000000
548.000000
541.000000
492.000000
750.000000
828.000000
663.000000
653.000000
657.000000
707.000000
710.000000
713.000000
705.000000
608.000000
549.000000
436.000000
388.000000
492.000000
488.000000
547.000000
384.000000
491.000000
385.000000
441.000000
439.000000
443.000000
495.000000
819.000000
764.000000
550.000000
770.000000
759.000000
812.000000
706.000000
605.000000
650.000000
546.000000
610.000000
653.000000
600.000000
651.000000
708.000000
649.000000
545.000000
654.000000
385.000000
491.000000
713.000000
707.000000
381.000000
488.000000
491.000000
606.000000
600.000000
878.000000
657.000000
434.000000
485.000000
598.000000
492.000000
674.000000
865.000000
758.000000
602.000000
490.000000
387.000000
384.000000
553.000000
769.000000
487.000000
494.000000
495.000000
604.000000
545.000000
715.000000
440.000000
333.000000
383.000000
438.000000
555.000000
606.000000
707.000000
702.000000
546.000000
493.000000
492.000000
544.000000
443.000000
435.000000
488.000000
488.000000
600.000000
659.000000
599.000000
527094.000000
445.000000
596.000000
760.000000
663.000000
378.000000
488.000000
660.000000
655.000000
701.000000
708.000000
663.000000
598.000000
446.000000
384.000000
386.000000
713.000000
614.000000
431.000000
384.000000
650.000000
603.000000
653.000000
665.000000
380.000000
282.000000
326.000000
544.000000
593.000000
660.000000
653.000000
607.000000
667.000000
653.000000
758.000000
700.000000
657.000000
602.000000
710.000000
656.000000
601.000000
487.000000
544.000000
549.000000
557.000000
435.000000
830.000000
826.000000
826.000000
706.000000
805.000000
596.000000
649.000000
710.000000
650.000000
705.000000
652.000000
552.000000
492.000000
487.000000
658.000000
707.000000
650.000000
702.000000
437.000000
710.000000
544.000000
620.000000
492.000000
490.000000
601.000000
543.000000
605.000000
608.000000
548.000000
552.000000
558.000000
654.000000
488.000000
774.000000
775.000000
766.000000
872.000000
604.000000
607.000000
491.000000
491.000000
498.000000
760.000000
499.000000
642.000000
439.000000
606.000000
442.000000
548.000000
488.000000
490.000000
539.000000
543.000000
760.000000
654.000000
492.000000
488.000000
541.000000
498.000000
434.000000
866.000000
713.000000
825.000000
598.000000
611.000000
492.000000
492.000000
599.000000
656.000000
603.000000
651.000000
380.000000
488.000000
498.000000
388.000000
657.000000
663.000000
332.000000
329.000000
331.000000
387.000000
546.000000
599.000000
600.000000
596.000000
603.000000
801.000000
437.000000
658.000000
607.000000
545.000000
556.000000
550.000000
434.000000
398.000000
434.000000
547.000000
657.000000
492.000000
438.000000
383.000000
381.000000
584539.000000
384.000000
396.000000
35011.000000
438.000000
558.000000
602.000000
437.000000
547.000000
655.000000
766.000000
719.000000
702.000000
708.000000
21510.000000
547.000000
604.000000
550.000000
666.000000
432.000000
439.000000
492.000000
601.000000
760.000000
651.000000
599.000000
716.000000
713.000000
764.000000
542.000000
599.000000
658.000000
655.000000
498.000000
495.000000
488.000000
709.000000
492.000000
546.000000
550.000000
434.000000
30861.000000
608.000000
545.000000
30649.000000
775.000000
659.000000
552.000000
546.000000
601.000000
605.000000
553.000000
492.000000
489.000000
496.000000
495.000000
489.000000
653.000000
493.000000
542.000000
488.000000
437.000000
434.000000
708.000000
657.000000
757.000000
712.000000
550.000000
435.000000
495.000000
497.000000
446.000000
545.000000
549.000000
487.000000
436.000000
385.000000
380.000000
440.000000
546.000000
597.000000
714.000000
917.000000
868.000000
816.000000
820.000000
651.000000
650.000000
600.000000
542.000000
545.000000
499.000000
551.000000
503.000000
549.000000
498.000000
445.000000
434.000000
434.000000
602.000000
603.000000
713.000000
714.000000
764.000000
767.000000
772.000000
882.000000
553.000000
550.000000
39931.000000
436.000000
542.000000
551.000000
489.000000
657.000000
604.000000
599.000000
603.000000
655.000000
547.000000
777.000000
492.000000
438.000000
494.000000
545.000000
550.000000
814.000000
770.000000
717.000000
711.000000
655.000000
384.000000
498.000000
552.000000
657.000000
653.000000
710.000000
707.000000
715.000000
602.000000
544.000000
500.000000
544.000000
384.000000
450.000000
330.000000
380.000000
547.000000
492.000000
495.000000
546.000000
600.000000
603.000000
602.000000
548.000000
600.000000
599.000000
656.000000
596.000000
651.000000
603.000000
437.000000
714.000000
654.000000
488.000000
549.000000
657.000000
605.000000
600.000000
547.000000
554.000000
442.000000
716.000000
708.000000
758.000000
968.000000
764.000000
710.000000
545.000000
773.000000
651.000000
601.000000
489.000000
495.000000
824.000000
552.000000
494.000000
492.000000
435.000000
655.000000
501.000000
3702.000000
1088.000000
814.000000
654.000000
599.000000
658.000000
659.000000
597.000000
600.000000
657.000000
665.000000
653.000000
602.000000
551.000000
660.000000
660.000000
719.000000
543.000000
547.000000
705.000000
705.000000
661.000000
653.000000
658.000000
542.000000
383.000000
655.000000
708.000000
604.000000
657.000000
609.000000
660.000000
711.000000
716.000000
770.000000
707.000000
659.000000
649.000000
657.000000
655.000000
606.000000
654.000000
650.000000
766.000000
488.000000
492.000000
661.000000
654.000000
653.000000
653.000000
606.000000
810.000000
770.000000
762.000000
381.000000
616.000000
392.000000
441.000000
436.000000
546.000000
489.000000
494.000000
706.000000
663.000000
598.000000
599.000000
1037.000000
651.000000
546.000000
382.000000
385.000000
377.000000
492.000000
491.000000
496.000000
377.000000
439.000000
599.000000
706.000000
715.000000
440.000000
711.000000
546.000000
545.000000
600.000000
389.000000
661.000000
651.000000
663.000000
599.000000
440.000000
434.000000
444.000000
334.000000
272.000000
273.000000
276.000000
439.000000
710.000000
651.000000
490.000000
499.000000
547.000000
658.000000
549.000000
599.000000
664.000000
542.000000
714.000000
712.000000
772.000000
762.000000
861.000000
766.000000
812.000000
758.000000
658.000000
595.000000
604.000000
542.000000
561.000000
546.000000
547.000000
600.000000
596.000000
597.000000
601.000000
703.000000
653.000000
548.000000
438.000000
764.000000
604.000000
770.000000
494.000000
567.000000
600.000000
591.000000
446.000000
493.000000
720.000000
381.000000
388.000000
550.000000
441.000000
439.000000
493.000000
440.000000
440.000000
553.000000
555.000000
492.000000
596.000000
21859.000000
548.000000
543.000000
495.000000
489.000000
491.000000
491.000000
604.000000
596.000000
704.000000
716.000000
276.000000
388.000000
500.000000
594.000000
828.000000
772.000000
15916.000000
544.000000
433.000000
437.000000
488.000000
807.000000
708.000000
441.000000
544.000000
448.000000
437.000000
434.000000
768.000000
780.000000
500.000000
496.000000
442.000000
383.000000
326.000000
278.000000
598.000000
709.000000
600.000000
497.000000
601.000000
546.000000
495.000000
437.000000
440.000000
541.000000
549.000000
550.000000
490.000000
543.000000
219.000000
270.000000
435.000000
486.000000
390.000000
483.000000
384.000000
387.000000
382.000000
495.000000
494.000000
497.000000
434.000000
485.000000
488.000000
605.000000
333.000000
450.000000
437.000000
545.000000
491.000000
436.000000
599.000000
604.000000
543.000000
539.000000
521046.000000
605.000000
596.000000
599.000000
719.000000
764.000000
598.000000
599.000000
652.000000
599.000000
596.000000
604.000000
667.000000
545.000000
545.000000
548.000000
601.000000
603.000000
494.000000
704.000000
707.000000
660.000000
654.000000
273.000000
272.000000
276.000000
439.000000
440.000000
544.000000
659.000000
488.000000
603.000000
596.000000
660.000000
542.000000
597.000000
595.000000
599.000000
387.000000
650.000000
605.000000
542.000000
498.000000
498.000000
543.000000
541.000000
598.000000
601.000000
599.000000
381.000000
332.000000
438.000000
381.000000
545.000000
438.000000
604.000000
542.000000
491.000000
546.000000
487.000000
487.000000
434.000000
542.000000
659.000000
650.000000
703.000000
763.000000
770.000000
917.000000
823.000000
326.000000
434.000000
547.000000
542.000000
489.000000
710.000000
714.000000
543.000000
330.000000
545.000000
553.000000
609.000000
773.000000
765.000000
653.000000
494.000000
438.000000
387.000000
659.000000
596.000000
604.000000
703.000000
710.000000
657.000000
661.000000
543.000000
772.000000
600.000000
596.000000
758.000000
714.000000
604.000000
549.000000
653.000000
764.000000
658.000000
604.000000
552.000000
329.000000
327.000000
598.000000
598.000000
547.000000
491.000000
500.000000
490.000000
490.000000
440.000000
492.000000
704.000000
649.000000
709.000000
650.000000
661.000000
615.000000
487.000000
496.000000
539803.000000
601.000000
714.000000
828.000000
762.000000
767.000000
656.000000
596.000000
965.000000
826.000000
885.000000
650.000000
821.000000
761.000000
599.000000
606.000000
660.000000
603.000000
602.000000
655.000000
605.000000
280.000000
328.000000
331.000000
277.000000
279.000000
486.000000
488.000000
490.000000
325.000000
326.000000
719.000000
760.000000
552.000000
603.000000
434.000000
383.000000
554.000000
28752.000000
385.000000
381.000000
708.000000
500.000000
489.000000
548.000000
599.000000
710.000000
659.000000
771.000000
710.000000
765.000000
547.000000
550.000000
491.000000
550.000000
661.000000
550.000000
492.000000
709.000000
600.000000
547.000000
488.000000
559.000000
544.000000
872.000000
513235.000000
706.000000
668.000000
653.000000
662.000000
779.000000
812.000000
708.000000
770.000000
654.000000
656.000000
600.000000
655.000000
601.000000
601.000000
758.000000
650.000000
600.000000
657.000000
607.000000
655.000000
758.000000
754.000000
545.000000
435.000000
527790.000000
764.000000
549.000000
542.000000
546.000000
542.000000
438.000000
655.000000
712.000000
659.000000
652.000000
772.000000
444.000000
548.000000
659.000000
884.000000
488.000000
492.000000
380.000000
652.000000
982.000000
652.000000
755.000000
753.000000
490.000000
383.000000
381.000000
489.000000
489.000000
547.000000
436.000000
548.000000
541.000000
605.000000
663.000000
614.000000
658.000000
605.000000
542.000000
595.000000
599.000000
712.000000
657.000000
706.000000
661.000000
717.000000
487.000000
438.000000
330.000000
333.000000
332.000000
379.000000
333.000000
597.000000
435.000000
550.000000
598.000000
547.000000
387.000000
546.000000
713.000000
661.000000
649.000000
715.000000
931.000000
662.000000
654.000000
546.000000
598.000000
721.000000
972.000000
817.000000
816.000000
772.000000
769.000000
602.000000
548.000000
551.000000
559.000000
542.000000
545.000000
547.000000
545.000000
605.000000
600.000000
660.000000
609.000000
665.000000
706.000000
655.000000
808.000000
765.000000
817.000000
933.000000
556.000000
551.000000
547.000000
546.000000
444.000000
493.000000
544.000000
658.000000
765.000000
598.000000
556.000000
550.000000
487.000000
650.000000
708.000000
651.000000
554.000000
554.000000
550.000000
604.000000
381.000000
392.000000
436.000000
500.000000
390.000000
498.000000
440.000000
815.000000
654.000000
601.000000
660.000000
664.000000
661.000000
706.000000
766.000000
602.000000
597.000000
549.000000
491.000000
543.000000
329.000000
327.000000
542031.000000
442.000000
549.000000
339.000000
667.000000
604.000000
486.000000
434.000000
489.000000
492.000000
601.000000
657.000000
439.000000
492.000000
381.000000
381.000000
606.000000
597.000000
616.000000
542.000000
592.000000
771.000000
711.000000
756.000000
710.000000
655.000000
611.000000
605.000000
873.000000
546.000000
546.000000
495.000000
549.000000
431.000000
431.000000
434.000000
385.000000
486.000000
598.000000
547.000000
548.000000
654.000000
756.000000
650.000000
655.000000
764.000000
765.000000
493.000000
547.000000
497.000000
36572.000000
436.000000
438.000000
492.000000
487.000000
594.000000
596.000000
709.000000
705.000000
717.000000
383.000000
437.000000
483.000000
599.000000
604.000000
712.000000
711.000000
703.000000
770.000000
600.000000
863.000000
491.000000
651.000000
706.000000
707.000000
769.000000
493.000000
656.000000
612.000000
652.000000
656.000000
654.000000
704.000000
711.000000
604.000000
492.000000
492.000000
602.000000
544.000000
608.000000
493.000000
547.000000
441.000000
387.000000
382.000000
485.000000
438.000000
597.000000
654.000000
653.000000
606.000000
593.000000
499.000000
596.000000
602.000000
653.000000
651.000000
550.000000
439.000000
272.000000
384.000000
444.000000
495.000000
867.000000
703.000000
542.000000
560.000000
27351.000000
596.000000
712.000000
660.000000
714.000000
433.000000
381.000000
444.000000
485.000000
610.000000
548.000000
598.000000
556.000000
547.000000
435.000000
487.000000
557.000000
491.000000
597.000000
602.000000
764.000000
773.000000
440.000000
656.000000
18968.000000
658.000000
706.000000
546.000000
611.000000
715.000000
545.000000
547.000000
653.000000
651.000000
546.000000
545.000000
488.000000
543.000000
711.000000
710.000000
819.000000
602.000000
711.000000
714.000000
666.000000
763.000000
548.000000
499.000000
326.000000
439.000000
487.000000
440.000000
600.000000
491.000000
547.000000
765.000000
438.000000
338.000000
434.000000
491.000000
491.000000
764.000000
498.000000
492.000000
387.000000
282.000000
448.000000
662.000000
383.000000
387.000000
436.000000
439.000000
493.000000
545.000000
542.000000
593.000000
542.000000
596.000000
657.000000
489.000000
330.000000
814.000000
928.000000
492.000000
547.000000
607.000000
819.000000
597.000000
661.000000
650.000000
706.000000
16824.000000
655.000000
656.000000
662.000000
381.000000
385.000000
552.000000
604.000000
495.000000
496.000000
766.000000
498363.000000
822.000000
707.000000
598.000000
596.000000
546.000000
552.000000
597.000000
543.000000
491.000000
488.000000
550.000000
540.000000
711.000000
711.000000
720.000000
597.000000
597.000000
554.000000
767.000000
653.000000
491.000000
483.000000
544.000000
491.000000
818.000000
970.000000
761.000000
814.000000
877.000000
658.000000
597.000000
545.000000
597.000000
547.000000
704.000000
708.000000
553.000000
551.000000
383.000000
438.000000
435.000000
499.000000
652.000000
704.000000
766.000000
656.000000
491.000000
434.000000
555.000000
490.000000
488.000000
542.000000
542.000000
605.000000
605.000000
655.000000
489.000000
649.000000
709.000000
657.000000
656.000000
715.000000
655.000000
555.000000
868.000000
656.000000
604.000000
441.000000
592.000000
495.000000
546.000000
713.000000
651.000000
488.000000
440.000000
446.000000
434.000000
549.000000
548.000000
491.000000
650.000000
547.000000
600.000000
765.000000
488.000000
497.000000
603.000000
442.000000
544.000000
654.000000
441.000000
644.000000
713.000000
20408.000000
656.000000
762.000000
762.000000
706.000000
600.000000
605.000000
604.000000
437.000000
540.000000
651.000000
661.000000
654.000000
814.000000
830.000000
722.000000
602.000000
603.000000
714.000000
658.000000
660.000000
551.000000
657.000000
606.000000
719.000000
544.000000
657.000000
20354.000000
549.000000
543.000000
553.000000
496.000000
492.000000
597.000000
712.000000
755.000000
604.000000
545.000000
556.000000
329.000000
438.000000
610.000000
435.000000
434.000000
553.000000
648.000000
494.000000
660.000000
720.000000
445.000000
447.000000
597.000000
24834.000000
555.000000
599.000000
658.000000
380.000000
444.000000
442.000000
443.000000
500.000000
491.000000
543.000000
658.000000
601.000000
653.000000
661.000000
816.000000
547.000000
491.000000
662.000000
655.000000
707.000000
816.000000
488.000000
766.000000
703.000000
542.000000
598.000000
655.000000
714.000000
545.000000
597.000000
600.000000
495.000000
496.000000
539.000000
770.000000
442.000000
490.000000
506.000000
595.000000
541.000000
380.000000
654.000000
757.000000
521124.000000
812.000000
657.000000
654.000000
597.000000
719.000000
652.000000
600.000000
654.000000
759.000000
599.000000
601.000000
602.000000
545.000000
492.000000
495.000000
492.000000
655.000000
765.000000
706.000000
704.000000
714.000000
508684.000000
708.000000
822.000000
762.000000
670.000000
611.000000
600.000000
596.000000
546.000000
549.000000
706.000000
491.000000
816.000000
649.000000
660.000000
719.000000
867.000000
331.000000
597.000000
659.000000
599.000000
609.000000
495.000000
433.000000
547.000000
434.000000
438.000000
383.000000
494.000000
434.000000
492.000000
497.000000
546.000000
496.000000
502.000000
499.000000
863.000000
539.000000
30428.000000
662.000000
657.000000
710.000000
705.000000
707.000000
662.000000
662.000000
652.000000
551.000000
439.000000
546.000000
548.000000
488.000000
444.000000
388.000000
492.000000
543.000000
547.000000
492.000000
546.000000
655.000000
544.000000
764.000000
759.000000
708.000000
496.000000
490.000000
385.000000
543996.000000
600.000000
552.000000
549.000000
654.000000
654.000000
25506.000000
551.000000
492.000000
550.000000
489.000000
543.000000
31310.000000
830.000000
875.000000
666.000000
597.000000
606.000000
437.000000
441.000000
384.000000
380.000000
601.000000
605.000000
601.000000
541.000000
550.000000
491.000000
537.000000
441.000000
659.000000
663.000000
650.000000
599.000000
817.000000
594.000000
489.000000
652.000000
605.000000
602.000000
541373.000000
600.000000
596.000000
611.000000
604.000000
552.000000
543.000000
765.000000
603.000000
653.000000
815.000000
653.000000
761.000000
704.000000
816.000000
761.000000
812.000000
765.000000
709.000000
657.000000
650.000000
712.000000
820.000000
598.000000
436.000000
653.000000
499.000000
333.000000
443.000000
438.000000
495.000000
597.000000
659.000000
551.000000
549.000000
650.000000
652.000000
813.000000
820.000000
602.000000
715.000000
664.000000
657.000000
546.000000
521087.000000
546.000000
654.000000
381.000000
384.000000
810.000000
706.000000
552.000000
652.000000
704.000000
493.000000
546.000000
716.000000
767.000000
767.000000
714.000000
985.000000
704.000000
661.000000
603.000000
602.000000
