269.000000
272.000000
272.000000
217.000000
221.000000
215.000000
324.000000
380.000000
215.000000
162.000000
216.000000
216.000000
216.000000
109.000000
110.000000
216.000000
274.000000
269.000000
325.000000
378.000000
269.000000
12227.000000
276.000000
270.000000
270.000000
162.000000
166.000000
162.000000
216.000000
323.000000
326.000000
269.000000
273.000000
320.000000
271.000000
273.000000
269.000000
272.000000
276.000000
269.000000
269.000000
273.000000
277.000000
271.000000
216.000000
216.000000
216.000000
216.000000
217.000000
273.000000
332.000000
329.000000
323.000000
329.000000
323.000000
436.000000
323.000000
322.000000
377.000000
229.000000
330.000000
330.000000
325.000000
325.000000
330.000000
376.000000
389.000000
379.000000
378.000000
377.000000
494.000000
380.000000
323.000000
324.000000
326.000000
328.000000
8444.000000
323.000000
381.000000
380.000000
382.000000
330.000000
327.000000
323.000000
380.000000
378.000000
380.000000
380.000000
377.000000
324.000000
327.000000
331.000000
376.000000
376.000000
376.000000
328.000000
376.000000
376.000000
275.000000
321.000000
378.000000
322.000000
383.000000
380.000000
380.000000
379.000000
383.000000
375.000000
376.000000
385.000000
325.000000
324.000000
323.000000
379.000000
379.000000
376.000000
376.000000
375.000000
376.000000
378.000000
428.000000
377.000000
380.000000
376.000000
380.000000
428.000000
377.000000
326.000000
326.000000
326.000000
271.000000
268.000000
272.000000
272.000000
323.000000
277.000000
328.000000
322.000000
380.000000
371.000000
108.000000
60.000000
379.000000
328.000000
330.000000
324.000000
323.000000
326.000000
324.000000
374.000000
328.000000
374.000000
322.000000
322.000000
328.000000
274.000000
322.000000
382.000000
380.000000
411.000000
380.000000
328.000000
327.000000
325.000000
270.000000
273.000000
269.000000
277.000000
269.000000
269.000000
278.000000
269.000000
325.000000
271.000000
320.000000
326.000000
330.000000
278.000000
273.000000
270.000000
272.000000
380.000000
380.000000
268.000000
272.000000
325.000000
329.000000
325.000000
269.000000
373.000000
377.000000
324.000000
332.000000
379.000000
273.000000
276.000000
270.000000
215.000000
215.000000
216.000000
216.000000
328.000000
327.000000
8325.000000
376.000000
334.000000
376.000000
430.000000
376.000000
376.000000
435.000000
430.000000
322.000000
327.000000
269.000000
269.000000
270.000000
269.000000
323.000000
323.000000
323.000000
325.000000
274.000000
324.000000
329.000000
324.000000
329.000000
388.000000
380.000000
376.000000
376.000000
376.000000
385.000000
383.000000
376.000000
328.000000
377.000000
374.000000
270.000000
268.000000
377.000000
322.000000
272.000000
276.000000
329.000000
323.000000
323.000000
325.000000
382.000000
326.000000
322.000000
325.000000
322.000000
377.000000
382.000000
376.000000
376.000000
451.000000
4326.000000
427.000000
323.000000
323.000000
329.000000
323.000000
269.000000
326.000000
379.000000
322.000000
432.000000
326.000000
322.000000
324.000000
8305.000000
335.000000
326.000000
323.000000
322.000000
324.000000
326.000000
377.000000
376.000000
379.000000
377.000000
322.000000
328.000000
322.000000
322.000000
322.000000
325.000000
322.000000
322.000000
325.000000
379.000000
376.000000
326.000000
325.000000
324.000000
330.000000
215.000000
165.000000
108.000000
164.000000
162.000000
162.000000
162.000000
162.000000
269.000000
322.000000
383.000000
434.000000
376.000000
428.000000
427.000000
379.000000
322.000000
326.000000
328.000000
326.000000
323.000000
377.000000
381.000000
376.000000
376.000000
218.000000
219.000000
112.000000
108.000000
161.000000
272.000000
269.000000
269.000000
269.000000
322.000000
379.000000
483.000000
431.000000
378.000000
434.000000
377.000000
381.000000
376.000000
379.000000
376.000000
375.000000
383.000000
376.000000
380.000000
379.000000
379.000000
379.000000
325.000000
325.000000
325.000000
323.000000
377.000000
273.000000
269.000000
270.000000
269.000000
269.000000
379.000000
382.000000
379.000000
383.000000
378.000000
429.000000
376.000000
379.000000
325.000000
325.000000
322.000000
325.000000
324.000000
323.000000
376.000000
379.000000
377.000000
328.000000
380.000000
376.000000
375.000000
380.000000
381.000000
375.000000
330.000000
380.000000
379.000000
435.000000
383.000000
379.000000
377.000000
379.000000
376.000000
391.000000
322.000000
326.000000
326.000000
323.000000
271.000000
326.000000
325.000000
379.000000
376.000000
379.000000
375.000000
335.000000
326.000000
322.000000
322.000000
433.000000
382.000000
376.000000
380.000000
379.000000
383.000000
379.000000
326.000000
322.000000
217.000000
214.000000
214.000000
215.000000
378.000000
376.000000
378.000000
379.000000
382.000000
376.000000
376.000000
382.000000
376.000000
379.000000
379.000000
427.000000
382.000000
380.000000
382.000000
375.000000
380.000000
269.000000
275.000000
268.000000
274.000000
218.000000
218.000000
218.000000
330.000000
324.000000
322.000000
325.000000
322.000000
325.000000
322.000000
326.000000
377.000000
323.000000
325.000000
382.000000
323.000000
380.000000
383.000000
436.000000
433.000000
381.000000
269.000000
272.000000
269.000000
269.000000
269.000000
323.000000
374.000000
349.000000
329.000000
323.000000
326.000000
433.000000
431.000000
434.000000
379.000000
380.000000
381.000000
383.000000
437.000000
439.000000
433.000000
435.000000
389.000000
377.000000
433.000000
438.000000
380.000000
332.000000
427.000000
273.000000
480.000000
383.000000
385.000000
320.000000
269.000000
322.000000
324.000000
323.000000
326.000000
323.000000
323.000000
269.000000
274.000000
379.000000
272.000000
268.000000
272.000000
269.000000
276.000000
321.000000
268.000000
269.000000
376.000000
430.000000
435.000000
434.000000
436.000000
432.000000
434.000000
326.000000
327.000000
322.000000
326.000000
327.000000
380.000000
382.000000
379.000000
323.000000
326.000000
324.000000
492.000000
433.000000
433.000000
433.000000
440.000000
2229.000000
432.000000
488.000000
433.000000
432.000000
433.000000
542.000000
434.000000
377.000000
378.000000
380.000000
376.000000
379.000000
379.000000
376.000000
376.000000
381.000000
378.000000
432.000000
486.000000
488.000000
483.000000
440.000000
439.000000
433.000000
430.000000
383.000000
326.000000
323.000000
430.000000
445.000000
376.000000
381.000000
325.000000
322.000000
324.000000
335.000000
380.000000
432.000000
379.000000
433.000000
429.000000
4437.000000
437.000000
430.000000
433.000000
279.000000
330.000000
325.000000
325.000000
435.000000
381.000000
378.000000
332.000000
329.000000
383.000000
378.000000
386.000000
376.000000
378.000000
323.000000
375.000000
322.000000
323.000000
12452.000000
325.000000
329.000000
324.000000
12150.000000
329.000000
321.000000
322.000000
272.000000
217.000000
323.000000
323.000000
432.000000
433.000000
433.000000
491.000000
484.000000
382.000000
440.000000
434.000000
375.000000
332.000000
323.000000
330.000000
323.000000
322.000000
329.000000
436.000000
380.000000
378.000000
381.000000
379.000000
376.000000
377.000000
376.000000
429.000000
431.000000
432.000000
586.000000
436.000000
491.000000
432.000000
438.000000
437.000000
431.000000
433.000000
427.000000
378.000000
377.000000
379.000000
433.000000
8417.000000
376.000000
365.000000
376.000000
381.000000
379.000000
380.000000
376.000000
376.000000
382.000000
379.000000
383.000000
640.000000
430.000000
318.000000
380.000000
430.000000
378.000000
376.000000
378.000000
379.000000
381.000000
380.000000
380.000000
427.000000
427.000000
431.000000
432.000000
481.000000
481.000000
543.000000
433.000000
388.000000
376.000000
383.000000
382.000000
432.000000
485.000000
430.000000
431.000000
432.000000
430.000000
437.000000
433.000000
431.000000
430.000000
432.000000
429.000000
380.000000
377.000000
383.000000
269.000000
269.000000
329.000000
322.000000
322.000000
322.000000
325.000000
322.000000
322.000000
430.000000
430.000000
430.000000
433.000000
430.000000
383.000000
481.000000
433.000000
434.000000
436.000000
429.000000
436.000000
483.000000
435.000000
437.000000
432.000000
434.000000
437.000000
377.000000
427.000000
430.000000
431.000000
433.000000
433.000000
544.000000
433.000000
430.000000
430.000000
436.000000
436.000000
487.000000
441.000000
376.000000
377.000000
385.000000
325.000000
378.000000
432.000000
376.000000
377.000000
376.000000
380.000000
483.000000
431.000000
375.000000
322.000000
328.000000
376.000000
379.000000
322.000000
324.000000
326.000000
328.000000
326.000000
331.000000
323.000000
323.000000
325.000000
323.000000
273.000000
332.000000
380.000000
380.000000
488.000000
429.000000
429.000000
377.000000
381.000000
326.000000
319.000000
272.000000
380.000000
377.000000
376.000000
377.000000
378.000000
381.000000
496.000000
429.000000
326.000000
269.000000
322.000000
323.000000
329.000000
492.000000
430.000000
434.000000
488.000000
433.000000
433.000000
430.000000
440.000000
435.000000
377.000000
323.000000
324.000000
324.000000
322.000000
383.000000
428.000000
379.000000
376.000000
376.000000
380.000000
387.000000
376.000000
382.000000
379.000000
376.000000
376.000000
322.000000
325.000000
323.000000
322.000000
326.000000
269.000000
270.000000
273.000000
326.000000
380.000000
383.000000
379.000000
382.000000
380.000000
380.000000
323.000000
326.000000
323.000000
432.000000
433.000000
325.000000
269.000000
326.000000
322.000000
324.000000
384.000000
330.000000
326.000000
276.000000
272.000000
272.000000
280.000000
325.000000
322.000000
326.000000
327.000000
324.000000
486.000000
487.000000
490.000000
487.000000
487.000000
433.000000
432.000000
430.000000
430.000000
323.000000
322.000000
323.000000
377.000000
379.000000
376.000000
323.000000
437.000000
4365.000000
382.000000
384.000000
376.000000
488.000000
430.000000
433.000000
434.000000
433.000000
483.000000
493.000000
493.000000
487.000000
496.000000
484.000000
485.000000
441.000000
544.000000
430.000000
373.000000
322.000000
323.000000
378.000000
439.000000
433.000000
322.000000
329.000000
321.000000
439.000000
379.000000
381.000000
500.000000
491.000000
487.000000
434.000000
382.000000
269.000000
375.000000
379.000000
376.000000
432.000000
593.000000
496.000000
534.000000
484.000000
482.000000
483.000000
429.000000
376.000000
376.000000
376.000000
428.000000
379.000000
429.000000
429.000000
429.000000
431.000000
380.000000
491.000000
442.000000
483.000000
486.000000
490.000000
431.000000
270032.000000
496.000000
483.000000
436.000000
432.000000
431.000000
376.000000
382.000000
8481.000000
383.000000
431.000000
383.000000
433.000000
431.000000
376.000000
8488.000000
481.000000
429.000000
436.000000
485.000000
435.000000
386.000000
376.000000
274.000000
226.000000
222.000000
322.000000
433.000000
441.000000
429.000000
439.000000
379.000000
432.000000
429.000000
487.000000
443.000000
487.000000
491.000000
600.000000
272.000000
491.000000
488.000000
540.000000
490.000000
430.000000
433.000000
409.000000
321.000000
324.000000
323.000000
379.000000
376.000000
382.000000
430.000000
434.000000
379.000000
379.000000
434.000000
433.000000
429.000000
490.000000
483.000000
483.000000
486.000000
485.000000
484.000000
492.000000
486.000000
435.000000
379.000000
327.000000
378.000000
272.000000
379.000000
427.000000
379.000000
436.000000
483.000000
483.000000
433.000000
437.000000
434.000000
433.000000
484.000000
483.000000
380.000000
383.000000
379.000000
376.000000
379.000000
433.000000
437.000000
377.000000
439.000000
376.000000
377.000000
376.000000
386.000000
432.000000
443.000000
437.000000
483.000000
492.000000
465.000000
483.000000
486.000000
534.000000
485.000000
484.000000
486.000000
489.000000
494.000000
483.000000
491.000000
380.000000
429.000000
433.000000
436.000000
326.000000
382.000000
376.000000
429.000000
379.000000
379.000000
379.000000
379.000000
330.000000
482.000000
489.000000
437.000000
433.000000
376.000000
380.000000
323.000000
326.000000
325.000000
375.000000
377.000000
432.000000
429.000000
480.000000
436.000000
433.000000
483.000000
487.000000
487.000000
382.000000
382.000000
436.000000
385.000000
430.000000
436.000000
439.000000
433.000000
438.000000
490.000000
434.000000
432.000000
376.000000
382.000000
376.000000
378.000000
429.000000
379.000000
376.000000
379.000000
8432.000000
437.000000
430.000000
491.000000
323.000000
326.000000
323.000000
273.000000
268.000000
380.000000
377.000000
377.000000
379.000000
376.000000
377.000000
377.000000
384.000000
435.000000
486.000000
483.000000
486.000000
486.000000
494.000000
490.000000
483.000000
437.000000
436.000000
430.000000
382.000000
432.000000
430.000000
322.000000
322.000000
325.000000
326.000000
440.000000
433.000000
436.000000
381.000000
236.000000
322.000000
333.000000
387.000000
430.000000
487.000000
492.000000
542.000000
429.000000
485.000000
376.000000
590.000000
429.000000
536.000000
488.000000
434.000000
323.000000
325.000000
376.000000
375.000000
380.000000
383.000000
483.000000
328.000000
436.000000
375.000000
436.000000
436.000000
433.000000
432.000000
617.000000
4451.000000
438.000000
548.000000
490.000000
380.000000
376.000000
427.000000
433.000000
431.000000
535.000000
381.000000
377.000000
377.000000
330.000000
322.000000
272.000000
272.000000
268.000000
272.000000
276.000000
429.000000
376.000000
376.000000
376.000000
379.000000
379.000000
448.000000
437.000000
376.000000
393.000000
430.000000
480.000000
430.000000
483.000000
485.000000
442.000000
383.000000
380.000000
328.000000
378.000000
380.000000
438.000000
376.000000
427.000000
487.000000
487.000000
496.000000
430.000000
276.000000
218.000000
386.000000
386.000000
434.000000
385.000000
437.000000
436.000000
486.000000
533.000000
483.000000
483.000000
487.000000
430.000000
381.000000
430.000000
432.000000
429.000000
326.000000
324.000000
429.000000
436.000000
534.000000
486.000000
493.000000
433.000000
437.000000
432.000000
382.000000
432.000000
433.000000
430.000000
490.000000
483.000000
484.000000
485.000000
483.000000
488.000000
486.000000
438.000000
488.000000
483.000000
483.000000
434.000000
429.000000
429.000000
436.000000
378.000000
379.000000
484.000000
429.000000
376.000000
436.000000
380.000000
437.000000
379.000000
376.000000
376.000000
389.000000
432.000000
429.000000
484.000000
487.000000
375.000000
328.000000
430.000000
378.000000
331.000000
379.000000
379.000000
489.000000
7932.000000
379.000000
376.000000
379.000000
379.000000
379.000000
381.000000
376.000000
376.000000
383.000000
431.000000
542.000000
430.000000
437.000000
484.000000
436.000000
381.000000
389.000000
543.000000
490.000000
489.000000
489.000000
433.000000
429.000000
381.000000
490.000000
436.000000
436.000000
430.000000
433.000000
433.000000
377.000000
376.000000
379.000000
384.000000
430.000000
436.000000
433.000000
486.000000
488.000000
483.000000
432.000000
432.000000
379.000000
431.000000
376.000000
433.000000
433.000000
437.000000
436.000000
429.000000
486.000000
483.000000
483.000000
490.000000
545.000000
487.000000
491.000000
376.000000
331.000000
322.000000
379.000000
433.000000
484.000000
432.000000
429.000000
437.000000
431.000000
9488.000000
374.000000
322.000000
379.000000
558.000000
487.000000
431.000000
481.000000
436.000000
376.000000
382.000000
376.000000
431.000000
379.000000
436.000000
376.000000
380.000000
380.000000
376.000000
381.000000
218.000000
326.000000
323.000000
434.000000
484.000000
430.000000
484.000000
489.000000
534.000000
486.000000
488.000000
489.000000
481.000000
435.000000
483.000000
436.000000
544.000000
433.000000
436.000000
429.000000
435.000000
427.000000
381.000000
379.000000
433.000000
375.000000
6769.000000
376.000000
433.000000
433.000000
376.000000
409.000000
430.000000
432.000000
493.000000
376.000000
375.000000
384.000000
377.000000
491.000000
376.000000
427.000000
8405.000000
322.000000
320.000000
268.000000
326.000000
326.000000
326.000000
491.000000
433.000000
430.000000
431.000000
327.000000
325.000000
377.000000
436.000000
433.000000
485.000000
486.000000
483.000000
489.000000
436.000000
376.000000
487.000000
263.000000
437.000000
376.000000
487.000000
487.000000
437.000000
439.000000
431.000000
487.000000
443.000000
436.000000
429.000000
376.000000
436.000000
436.000000
429.000000
432.000000
379.000000
378.000000
376.000000
386.000000
437.000000
489.000000
441.000000
376.000000
376.000000
379.000000
378.000000
379.000000
379.000000
379.000000
348.000000
379.000000
380.000000
486.000000
430.000000
380.000000
326.000000
323.000000
322.000000
390.000000
383.000000
433.000000
432.000000
485.000000
376.000000
432.000000
485.000000
430.000000
484.000000
325.000000
327.000000
322.000000
540.000000
329.000000
431.000000
481.000000
433.000000
433.000000
382.000000
382.000000
382.000000
376.000000
382.000000
374.000000
322.000000
429.000000
380.000000
433.000000
379.000000
386.000000
385.000000
433.000000
431.000000
376.000000
380.000000
379.000000
429.000000
430.000000
434.000000
430.000000
431.000000
430.000000
431.000000
429.000000
433.000000
436.000000
429.000000
436.000000
429.000000
376.000000
325.000000
325.000000
326.000000
383.000000
432.000000
431.000000
323.000000
271.000000
269.000000
322.000000
323.000000
327.000000
326.000000
269.000000
376.000000
376.000000
382.000000
435.000000
436.000000
485.000000
484.000000
487.000000
430.000000
442.000000
432.000000
436.000000
384.000000
387.000000
433.000000
430.000000
483.000000
429.000000
430.000000
378.000000
322.000000
332.000000
377.000000
380.000000
483.000000
322.000000
323.000000
325.000000
323.000000
326.000000
376.000000
376.000000
428.000000
322.000000
430.000000
435.000000
379.000000
443.000000
429.000000
382.000000
376.000000
383.000000
364.000000
376.000000
383.000000
379.000000
378.000000
375.000000
377.000000
383.000000
379.000000
321.000000
436.000000
383.000000
431.000000
383.000000
382.000000
436.000000
429.000000
483.000000
439.000000
433.000000
431.000000
377.000000
382.000000
376.000000
434.000000
435.000000
435.000000
433.000000
375.000000
322.000000
378.000000
380.000000
379.000000
380.000000
377.000000
377.000000
481.000000
433.000000
429.000000
434.000000
429.000000
429.000000
429.000000
490.000000
483.000000
380.000000
327.000000
386.000000
487.000000
484.000000
483.000000
483.000000
436.000000
433.000000
381.000000
433.000000
430.000000
435.000000
436.000000
4562.000000
380.000000
429.000000
379.000000
433.000000
487.000000
483.000000
535.000000
489.000000
535.000000
490.000000
486.000000
4496.000000
433.000000
437.000000
434.000000
430.000000
378.000000
380.000000
433.000000
440.000000
436.000000
486.000000
430.000000
437.000000
436.000000
430.000000
481.000000
480.000000
439.000000
376.000000
380.000000
323.000000
322.000000
328.000000
327.000000
329.000000
442.000000
430.000000
379.000000
379.000000
490.000000
483.000000
429.000000
376.000000
375.000000
376.000000
8468.000000
380.000000
379.000000
380.000000
376.000000
379.000000
375.000000
374.000000
433.000000
486.000000
604.000000
492.000000
483.000000
486.000000
492.000000
489.000000
483.000000
484.000000
380.000000
436.000000
381.000000
434.000000
381.000000
381.000000
375.000000
376.000000
443.000000
429.000000
429.000000
436.000000
429.000000
434.000000
379.000000
380.000000
379.000000
376.000000
432.000000
433.000000
379.000000
379.000000
379.000000
379.000000
376.000000
383.000000
325.000000
272.000000
379.000000
376.000000
277.000000
322.000000
272.000000
271.000000
324.000000
373.000000
324.000000
431.000000
541.000000
430.000000
429.000000
537.000000
434.000000
482.000000
483.000000
483.000000
489.000000
382.000000
483.000000
429.000000
497.000000
429.000000
432.000000
432.000000
439.000000
433.000000
430.000000
432.000000
430.000000
431.000000
430.000000
430.000000
377.000000
376.000000
379.000000
433.000000
484.000000
376.000000
381.000000
329.000000
381.000000
390.000000
380.000000
435.000000
434.000000
539.000000
436.000000
483.000000
331.000000
268.000000
380.000000
326.000000
326.000000
326.000000
434.000000
432.000000
430.000000
376.000000
430.000000
435.000000
491.000000
536.000000
537.000000
431.000000
430.000000
436.000000
429.000000
381.000000
8447.000000
375.000000
377.000000
323.000000
275.000000
328.000000
322.000000
429.000000
482.000000
381.000000
379.000000
323.000000
274.000000
270.000000
319.000000
277.000000
326.000000
322.000000
380.000000
377.000000
433.000000
431.000000
432.000000
430.000000
431.000000
483.000000
329.000000
323.000000
322.000000
324.000000
376.000000
434.000000
491.000000
537.000000
484.000000
487.000000
438.000000
383.000000
382.000000
389.000000
322.000000
222.000000
273.000000
273.000000
272.000000
356.000000
330.000000
327.000000
380.000000
330.000000
376.000000
433.000000
435.000000
429.000000
430.000000
488.000000
433.000000
379.000000
379.000000
383.000000
440.000000
436.000000
430.000000
433.000000
379.000000
379.000000
322.000000
326.000000
323.000000
284.000000
382.000000
433.000000
484.000000
448.000000
385.000000
433.000000
439.000000
483.000000
487.000000
483.000000
489.000000
487.000000
489.000000
378.000000
376.000000
379.000000
380.000000
322.000000
382.000000
484.000000
322.000000
318.000000
325.000000
322.000000
377.000000
380.000000
381.000000
431.000000
488.000000
429.000000
385.000000
430.000000
380.000000
432.000000
430.000000
441.000000
433.000000
387.000000
376.000000
379.000000
269.000000
270.000000
326.000000
323.000000
322.000000
376.000000
383.000000
380.000000
377.000000
433.000000
436.000000
433.000000
432.000000
490.000000
436.000000
430.000000
378.000000
376.000000
326.000000
329.000000
323.000000
323.000000
329.000000
322.000000
322.000000
373.000000
326.000000
431.000000
429.000000
434.000000
436.000000
379.000000
495.000000
429.000000
433.000000
536.000000
487.000000
497.000000
486.000000
486.000000
379.000000
381.000000
432.000000
483.000000
489.000000
488.000000
430.000000
436.000000
487.000000
433.000000
385.000000
345.000000
380.000000
380.000000
376.000000
377.000000
434.000000
327.000000
379.000000
416.000000
379.000000
420.000000
436.000000
429.000000
432.000000
428.000000
381.000000
389.000000
427.000000
379.000000
379.000000
376.000000
380.000000
434.000000
488.000000
379.000000
323.000000
382.000000
375.000000
375.000000
323.000000
269.000000
276.000000
270.000000
269.000000
323.000000
377.000000
484.000000
377.000000
492.000000
557.000000
490.000000
498.000000
379.000000
383.000000
376.000000
377.000000
430.000000
379.000000
376.000000
379.000000
547.000000
435.000000
536.000000
490.000000
486.000000
490.000000
487.000000
490.000000
375.000000
383.000000
328.000000
325.000000
376.000000
385.000000
325.000000
326.000000
378.000000
433.000000
399.000000
324.000000
379.000000
382.000000
487.000000
487.000000
375.000000
385.000000
377.000000
335.000000
323.000000
430.000000
380.000000
379.000000
379.000000
376.000000
382.000000
379.000000
326.000000
373.000000
322.000000
326.000000
326.000000
379.000000
379.000000
433.000000
435.000000
435.000000
439.000000
494.000000
429.000000
432.000000
322.000000
327.000000
277.000000
270.000000
322.000000
323.000000
326.000000
323.000000
433.000000
430.000000
379.000000
484.000000
4572.000000
433.000000
433.000000
441.000000
379.000000
5977.000000
379.000000
323.000000
325.000000
382.000000
323.000000
416.000000
433.000000
429.000000
386.000000
376.000000
436.000000
433.000000
430.000000
429.000000
486.000000
448.000000
486.000000
484.000000
429.000000
484.000000
433.000000
433.000000
433.000000
431.000000
485.000000
589.000000
433.000000
376.000000
486.000000
376.000000
379.000000
382.000000
378.000000
487.000000
433.000000
382.000000
376.000000
329.000000
322.000000
261.000000
323.000000
376.000000
322.000000
327.000000
326.000000
376.000000
429.000000
428.000000
430.000000
429.000000
488.000000
483.000000
486.000000
486.000000
431.000000
430.000000
431.000000
488.000000
430.000000
433.000000
497.000000
483.000000
490.000000
1787.000000
483.000000
436.000000
484.000000
430.000000
436.000000
484.000000
322.000000
380.000000
376.000000
427.000000
376.000000
531.000000
433.000000
323.000000
330.000000
323.000000
323.000000
377.000000
329.000000
433.000000
376.000000
380.000000
436.000000
430.000000
430.000000
378.000000
376.000000
384.000000
431.000000
380.000000
430.000000
431.000000
379.000000
386.000000
375.000000
430.000000
322.000000
380.000000
326.000000
432.000000
381.000000
376.000000
384.000000
379.000000
380.000000
322.000000
325.000000
325.000000
376.000000
435.000000
534.000000
429.000000
429.000000
427.000000
379.000000
430.000000
489.000000
385.000000
385.000000
375.000000
376.000000
324.000000
323.000000
435.000000
379.000000
376.000000
376.000000
380.000000
429.000000
435.000000
433.000000
430.000000
383.000000
380.000000
453.000000
379.000000
379.000000
436.000000
430.000000
323.000000
322.000000
322.000000
326.000000
380.000000
431.000000
434.000000
496.000000
490.000000
596.000000
434.000000
431.000000
430.000000
481.000000
325.000000
322.000000
325.000000
328.000000
326.000000
322.000000
323.000000
439.000000
432.000000
441.000000
430.000000
432.000000
379.000000
433.000000
433.000000
376.000000
380.000000
379.000000
322.000000
380.000000
376.000000
382.000000
376.000000
331.000000
323.000000
379.000000
386.000000
378.000000
329.000000
322.000000
329.000000
378.000000
433.000000
429.000000
484.000000
483.000000
486.000000
487.000000
490.000000
487.000000
486.000000
487.000000
483.000000
489.000000
484.000000
487.000000
263085.000000
433.000000
379.000000
380.000000
379.000000
380.000000
382.000000
376.000000
384.000000
380.000000
383.000000
375.000000
376.000000
377.000000
376.000000
324.000000
328.000000
433.000000
376.000000
376.000000
430.000000
432.000000
440.000000
434.000000
481.000000
433.000000
381.000000
326.000000
323.000000
322.000000
426.000000
379.000000
221.000000
215.000000
326.000000
429.000000
428.000000
379.000000
483.000000
484.000000
324.000000
323.000000
322.000000
323.000000
430.000000
378.000000
483.000000
438.000000
379.000000
376.000000
387.000000
433.000000
491.000000
433.000000
429.000000
436.000000
323.000000
392.000000
376.000000
429.000000
481.000000
483.000000
491.000000
492.000000
483.000000
437.000000
430.000000
379.000000
380.000000
376.000000
376.000000
383.000000
4671.000000
430.000000
432.000000
539.000000
376.000000
379.000000
428.000000
379.000000
428.000000
383.000000
437.000000
377.000000
379.000000
430.000000
379.000000
384.000000
378.000000
377.000000
376.000000
377.000000
487.000000
538.000000
485.000000
322.000000
268.000000
268.000000
221.000000
274.000000
275.000000
273.000000
329.000000
433.000000
439.000000
379.000000
377.000000
326.000000
323.000000
326.000000
436.000000
432.000000
487.000000
440.000000
544.000000
590.000000
491.000000
483.000000
430.000000
436.000000
380.000000
430.000000
434.000000
432.000000
433.000000
378.000000
379.000000
429.000000
428.000000
294.000000
377.000000
380.000000
430.000000
436.000000
429.000000
430.000000
430.000000
432.000000
483.000000
486.000000
483.000000
487.000000
440.000000
376.000000
376.000000
324.000000
323.000000
322.000000
327.000000
325.000000
325.000000
325.000000
269.000000
326.000000
323.000000
325.000000
430.000000
333.000000
381.000000
427.000000
379.000000
432.000000
486.000000
487.000000
490.000000
490.000000
487.000000
433.000000
489.000000
431.000000
379.000000
383.000000
430.000000
430.000000
432.000000
429.000000
487.000000
490.000000
486.000000
487.000000
433.000000
433.000000
433.000000
484.000000
436.000000
380.000000
376.000000
326.000000
326.000000
326.000000
376.000000
377.000000
483.000000
380.000000
372.000000
379.000000
378.000000
326.000000
325.000000
380.000000
491.000000
594.000000
487.000000
431.000000
432.000000
481.000000
433.000000
379.000000
379.000000
382.000000
430.000000
478.000000
478.000000
436.000000
489.000000
432.000000
435.000000
433.000000
437.000000
382.000000
442.000000
434.000000
322.000000
383.000000
327.000000
488.000000
266.000000
376.000000
432.000000
415.000000
375.000000
376.000000
376.000000
378.000000
376.000000
376.000000
379.000000
429.000000
435.000000
379.000000
326.000000
322.000000
324.000000
322.000000
378.000000
376.000000
380.000000
435.000000
430.000000
376.000000
378.000000
376.000000
430.000000
379.000000
8421.000000
379.000000
433.000000
432.000000
492.000000
483.000000
489.000000
586.000000
483.000000
491.000000
536.000000
483.000000
434.000000
433.000000
380.000000
377.000000
379.000000
376.000000
379.000000
322.000000
324.000000
323.000000
376.000000
326.000000
376.000000
375.000000
384.000000
379.000000
380.000000
385.000000
324.000000
381.000000
383.000000
380.000000
377.000000
383.000000
381.000000
433.000000
447.000000
433.000000
430.000000
430.000000
432.000000
432.000000
376.000000
386.000000
383.000000
493.000000
434.000000
388.000000
269.000000
269.000000
272.000000
270.000000
274.000000
270.000000
320.000000
328.000000
328.000000
433.000000
379.000000
379.000000
376.000000
427.000000
432.000000
376.000000
442.000000
376.000000
433.000000
384.000000
432.000000
487.000000
434.000000
433.000000
432.000000
380.000000
376.000000
376.000000
434.000000
430.000000
430.000000
428.000000
377.000000
433.000000
483.000000
486.000000
376.000000
382.000000
380.000000
381.000000
434.000000
433.000000
441.000000
545.000000
430.000000
540.000000
429.000000
436.000000
437.000000
432.000000
435.000000
376.000000
433.000000
434.000000
429.000000
323.000000
322.000000
378.000000
379.000000
380.000000
483.000000
483.000000
534.000000
534.000000
489.000000
490.000000
486.000000
488.000000
487.000000
483.000000
425.000000
436.000000
489.000000
434.000000
432.000000
483.000000
548.000000
431.000000
433.000000
378.000000
376.000000
485.000000
437.000000
325.000000
377.000000
382.000000
4552.000000
375.000000
427.000000
322.000000
322.000000
427.000000
376.000000
489.000000
487.000000
501.000000
491.000000
487.000000
435.000000
433.000000
436.000000
321.000000
325.000000
332.000000
272.000000
219.000000
219.000000
269.000000
326.000000
377.000000
383.000000
486.000000
486.000000
484.000000
541.000000
445.000000
487.000000
429.000000
493.000000
483.000000
486.000000
492.000000
485.000000
490.000000
322.000000
322.000000
377.000000
379.000000
433.000000
487.000000
490.000000
491.000000
486.000000
486.000000
429.000000
380.000000
376.000000
335.000000
379.000000
322.000000
379.000000
437.000000
323.000000
324.000000
325.000000
375.000000
379.000000
433.000000
384.000000
488.000000
379.000000
436.000000
430.000000
439.000000
435.000000
561.000000
546.000000
489.000000
431.000000
429.000000
482.000000
434.000000
433.000000
432.000000
440.000000
379.000000
376.000000
375.000000
483.000000
432.000000
433.000000
435.000000
379.000000
376.000000
331.000000
430.000000
436.000000
432.000000
438.000000
375.000000
538.000000
322.000000
326.000000
382.000000
495.000000
429.000000
429.000000
434.000000
433.000000
433.000000
438.000000
437.000000
430.000000
430.000000
492.000000
547.000000
483.000000
484.000000
496.000000
494.000000
486.000000
483.000000
433.000000
483.000000
490.000000
490.000000
432.000000
491.000000
487.000000
440.000000
434.000000
430.000000
433.000000
379.000000
376.000000
379.000000
376.000000
376.000000
8449.000000
433.000000
440.000000
437.000000
532.000000
431.000000
490.000000
537.000000
490.000000
489.000000
487.000000
486.000000
483.000000
486.000000
542.000000
483.000000
483.000000
483.000000
571.000000
482.000000
439.000000
538.000000
438.000000
379.000000
268.000000
273.000000
272.000000
376.000000
429.000000
484.000000
433.000000
434.000000
322.000000
329.000000
326.000000
377.000000
380.000000
378.000000
380.000000
382.000000
487.000000
433.000000
436.000000
381.000000
537.000000
484.000000
489.000000
487.000000
534.000000
541.000000
483.000000
431.000000
482.000000
323.000000
326.000000
273.000000
379.000000
326.000000
379.000000
487.000000
433.000000
378.000000
429.000000
433.000000
432.000000
429.000000
430.000000
376.000000
377.000000
330.000000
376.000000
378.000000
376.000000
431.000000
487.000000
378.000000
433.000000
436.000000
437.000000
432.000000
492.000000
432.000000
377.000000
436.000000
383.000000
429.000000
429.000000
434.000000
326.000000
326.000000
326.000000
329.000000
429.000000
430.000000
376.000000
380.000000
376.000000
377.000000
430.000000
483.000000
487.000000
497.000000
376.000000
379.000000
435.000000
427.000000
376.000000
483.000000
431.000000
485.000000
485.000000
430.000000
379.000000
376.000000
379.000000
376.000000
431.000000
432.000000
487.000000
484.000000
487.000000
493.000000
433.000000
494.000000
481.000000
481.000000
381.000000
384.000000
430.000000
430.000000
421.000000
429.000000
433.000000
484.000000
490.000000
434.000000
484.000000
486.000000
489.000000
483.000000
427.000000
433.000000
432.000000
379.000000
379.000000
421.000000
379.000000
382.000000
376.000000
376.000000
379.000000
379.000000
380.000000
596.000000
495.000000
383.000000
381.000000
386.000000
430.000000
434.000000
433.000000
490.000000
483.000000
487.000000
484.000000
483.000000
489.000000
380.000000
323.000000
323.000000
378.000000
375.000000
323.000000
298.000000
272.000000
323.000000
383.000000
380.000000
328.000000
379.000000
439.000000
376.000000
379.000000
431.000000
326.000000
322.000000
323.000000
320.000000
268.000000
322.000000
439.000000
487.000000
436.000000
325.000000
385.000000
485.000000
322.000000
378.000000
376.000000
162.000000
378.000000
430.000000
494.000000
499.000000
376.000000
376.000000
377.000000
380.000000
381.000000
430.000000
429.000000
381.000000
438.000000
433.000000
442.000000
433.000000
486.000000
376.000000
323.000000
322.000000
377.000000
322.000000
328.000000
326.000000
322.000000
323.000000
323.000000
378.000000
436.000000
429.000000
430.000000
430.000000
432.000000
433.000000
430.000000
483.000000
487.000000
483.000000
494.000000
490.000000
269.000000
324.000000
495.000000
487.000000
436.000000
436.000000
430.000000
489.000000
430.000000
442.000000
380.000000
376.000000
322.000000
273.000000
430.000000
436.000000
489.000000
488.000000
651.000000
496.000000
379.000000
434.000000
323.000000
272.000000
327.000000
434.000000
326.000000
380.000000
4380.000000
430.000000
377.000000
378.000000
325.000000
326.000000
329.000000
325.000000
323.000000
430.000000
375.000000
379.000000
379.000000
323.000000
430.000000
433.000000
382.000000
434.000000
441.000000
482.000000
486.000000
537.000000
436.000000
379.000000
376.000000
438.000000
379.000000
432.000000
481.000000
489.000000
375.000000
376.000000
382.000000
328.000000
324.000000
326.000000
322.000000
325.000000
328.000000
429.000000
376.000000
436.000000
375.000000
436.000000
435.000000
490.000000
536.000000
486.000000
493.000000
535.000000
483.000000
484.000000
481.000000
375.000000
323.000000
326.000000
431.000000
379.000000
433.000000
378.000000
379.000000
379.000000
379.000000
378.000000
387.000000
382.000000
377.000000
380.000000
377.000000
538.000000
377.000000
377.000000
433.000000
436.000000
433.000000
499.000000
483.000000
378.000000
376.000000
379.000000
379.000000
376.000000
376.000000
379.000000
380.000000
489.000000
432.000000
429.000000
273.000000
271.000000
277.000000
322.000000
432.000000
429.000000
483.000000
541.000000
376.000000
382.000000
379.000000
377.000000
376.000000
381.000000
431.000000
483.000000
432.000000
487.000000
379.000000
379.000000
433.000000
431.000000
379.000000
436.000000
429.000000
431.000000
433.000000
430.000000
433.000000
437.000000
498.000000
492.000000
486.000000
376.000000
380.000000
377.000000
543.000000
430.000000
482.000000
430.000000
430.000000
435.000000
379.000000
324.000000
329.000000
12332.000000
376.000000
355.000000
325.000000
330.000000
375.000000
322.000000
373.000000
434.000000
435.000000
288000.000000
435.000000
438.000000
375.000000
326.000000
322.000000
322.000000
264.000000
487.000000
430.000000
483.000000
493.000000
544.000000
486.000000
487.000000
493.000000
537.000000
433.000000
381.000000
375.000000
435.000000
379.000000
379.000000
545.000000
436.000000
431.000000
430.000000
439.000000
438.000000
483.000000
483.000000
484.000000
486.000000
489.000000
213.000000
322.000000
328.000000
326.000000
430.000000
430.000000
433.000000
380.000000
323.000000
326.000000
375.000000
378.000000
379.000000
380.000000
379.000000
380.000000
378.000000
386.000000
430.000000
429.000000
378.000000
383.000000
323.000000
322.000000
379.000000
436.000000
385.000000
435.000000
325.000000
8502.000000
430.000000
441.000000
388.000000
385.000000
375.000000
380.000000
433.000000
434.000000
378.000000
436.000000
433.000000
430.000000
429.000000
322.000000
325.000000
324.000000
376.000000
431.000000
436.000000
383.000000
379.000000
385.000000
382.000000
440.000000
379.000000
433.000000
377.000000
386.000000
432.000000
431.000000
495.000000
490.000000
4603.000000
436.000000
431.000000
434.000000
433.000000
430.000000
430.000000
429.000000
429.000000
429.000000
386.000000
485.000000
430.000000
490.000000
489.000000
556.000000
491.000000
431.000000
429.000000
436.000000
429.000000
433.000000
430.000000
434.000000
486.000000
490.000000
495.000000
486.000000
432.000000
322.000000
379.000000
376.000000
376.000000
377.000000
326.000000
383.000000
433.000000
434.000000
433.000000
483.000000
222.000000
272.000000
269.000000
321.000000
323.000000
322.000000
271.000000
428.000000
275.000000
376.000000
382.000000
377.000000
383.000000
379.000000
376.000000
381.000000
379.000000
324.000000
410.000000
382.000000
376.000000
429.000000
377.000000
376.000000
433.000000
379.000000
379.000000
376.000000
436.000000
432.000000
430.000000
376.000000
379.000000
322.000000
329.000000
322.000000
323.000000
489.000000
382.000000
376.000000
379.000000
376.000000
389.000000
430.000000
430.000000
433.000000
433.000000
436.000000
389.000000
434.000000
430.000000
433.000000
379.000000
383.000000
380.000000
376.000000
430.000000
383.000000
433.000000
541.000000
490.000000
483.000000
487.000000
486.000000
492.000000
540.000000
436.000000
429.000000
433.000000
431.000000
264429.000000
431.000000
431.000000
433.000000
379.000000
383.000000
439.000000
486.000000
437.000000
434.000000
381.000000
539.000000
437.000000
429.000000
485.000000
432.000000
4485.000000
436.000000
441.000000
436.000000
484.000000
484.000000
486.000000
487.000000
489.000000
444.000000
492.000000
489.000000
382.000000
440.000000
433.000000
430.000000
491.000000
486.000000
437.000000
432.000000
485.000000
429.000000
429.000000
580.000000
430.000000
485.000000
379.000000
430.000000
378.000000
326.000000
325.000000
322.000000
478.000000
380.000000
382.000000
495.000000
490.000000
485.000000
487.000000
486.000000
488.000000
487.000000
429.000000
428.000000
379.000000
328.000000
325.000000
276.000000
269.000000
272.000000
269.000000
269.000000
438.000000
377.000000
432.000000
433.000000
492.000000
429.000000
434.000000
376.000000
383.000000
427.000000
379.000000
532.000000
437.000000
433.000000
430.000000
429.000000
375.000000
324.000000
332.000000
325.000000
323.000000
375.000000
434.000000
476.000000
430.000000
431.000000
383.000000
382.000000
325.000000
222.000000
326.000000
379.000000
382.000000
381.000000
382.000000
437.000000
433.000000
489.000000
483.000000
379.000000
433.000000
433.000000
431.000000
483.000000
483.000000
483.000000
382.000000
377.000000
431.000000
380.000000
380.000000
377.000000
427.000000
381.000000
379.000000
519.000000
487.000000
543.000000
474.000000
494.000000
596.000000
435.000000
486.000000
483.000000
483.000000
492.000000
490.000000
439.000000
387.000000
383.000000
376.000000
266.000000
489.000000
487.000000
431.000000
432.000000
434.000000
378.000000
376.000000
379.000000
376.000000
322.000000
430.000000
440.000000
433.000000
432.000000
442.000000
429.000000
433.000000
437.000000
433.000000
440.000000
434.000000
437.000000
429.000000
436.000000
380.000000
325.000000
329.000000
374.000000
328.000000
325.000000
376.000000
483.000000
326.000000
325.000000
323.000000
322.000000
382.000000
433.000000
437.000000
485.000000
389.000000
326.000000
322.000000
322.000000
272.000000
481.000000
435.000000
433.000000
434.000000
432.000000
483.000000
433.000000
431.000000
437.000000
438.000000
4521.000000
436.000000
382.000000
379.000000
385.000000
376.000000
381.000000
484.000000
429.000000
435.000000
429.000000
326.000000
377.000000
376.000000
383.000000
435.000000
4452.000000
437.000000
493.000000
483.000000
487.000000
430.000000
433.000000
429.000000
481.000000
433.000000
429.000000
381.000000
535.000000
429.000000
403.000000
429.000000
433.000000
383.000000
321.000000
392.000000
433.000000
481.000000
430.000000
383.000000
379.000000
441.000000
437.000000
431.000000
429.000000
437.000000
322.000000
375.000000
376.000000
429.000000
438.000000
376.000000
382.000000
435.000000
379.000000
375.000000
387.000000
377.000000
332.000000
323.000000
379.000000
269.000000
323.000000
326.000000
281.000000
326.000000
433.000000
488.000000
496.000000
535.000000
482.000000
380.000000
375.000000
376.000000
380.000000
484.000000
433.000000
433.000000
436.000000
437.000000
438.000000
430.000000
327.000000
429.000000
489.000000
483.000000
436.000000
430.000000
431.000000
433.000000
429.000000
376.000000
432.000000
429.000000
433.000000
437.000000
326.000000
483.000000
483.000000
483.000000
486.000000
430.000000
436.000000
376.000000
432.000000
491.000000
486.000000
486.000000
486.000000
493.000000
484.000000
492.000000
378.000000
380.000000
379.000000
379.000000
589.000000
490.000000
493.000000
430.000000
489.000000
430.000000
483.000000
375.000000
597.000000
493.000000
489.000000
487.000000
483.000000
490.000000
486.000000
432.000000
432.000000
430.000000
323.000000
326.000000
326.000000
381.000000
331.000000
586.000000
489.000000
487.000000
429.000000
378.000000
379.000000
380.000000
377.000000
439.000000
541.000000
486.000000
586.000000
484.000000
429.000000
436.000000
382.000000
534.000000
376.000000
378.000000
379.000000
386.000000
436.000000
547.000000
488.000000
482.000000
489.000000
534.000000
435.000000
435.000000
429.000000
430.000000
433.000000
433.000000
377.000000
436.000000
376.000000
379.000000
380.000000
382.000000
431.000000
429.000000
430.000000
481.000000
435.000000
377.000000
485.000000
431.000000
484.000000
459.000000
434.000000
435.000000
429.000000
432.000000
430.000000
437.000000
433.000000
438.000000
437.000000
440.000000
429.000000
433.000000
433.000000
433.000000
383.000000
329.000000
323.000000
326.000000
429.000000
430.000000
436.000000
379.000000
379.000000
377.000000
376.000000
381.000000
376.000000
329.000000
376.000000
427.000000
438.000000
429.000000
381.000000
377.000000
429.000000
436.000000
433.000000
432.000000
382.000000
436.000000
483.000000
279659.000000
432.000000
441.000000
483.000000
543.000000
486.000000
601.000000
541.000000
439.000000
382.000000
380.000000
383.000000
376.000000
379.000000
376.000000
374.000000
278.000000
432.000000
435.000000
430.000000
377.000000
383.000000
429.000000
379.000000
376.000000
382.000000
376.000000
380.000000
386.000000
428.000000
377.000000
383.000000
429.000000
430.000000
433.000000
540.000000
438.000000
433.000000
534.000000
434.000000
430.000000
536.000000
487.000000
433.000000
429.000000
432.000000
433.000000
433.000000
379.000000
375.000000
376.000000
377.000000
430.000000
430.000000
383.000000
376.000000
378.000000
324.000000
429.000000
443.000000
442.000000
484.000000
430.000000
436.000000
265.000000
376.000000
378.000000
379.000000
382.000000
330.000000
376.000000
433.000000
377.000000
486.000000
535.000000
488.000000
486.000000
322.000000
329.000000
330.000000
429.000000
429.000000
433.000000
433.000000
376.000000
376.000000
380.000000
377.000000
485.000000
489.000000
484.000000
430.000000
429.000000
432.000000
486.000000
429.000000
432.000000
438.000000
434.000000
376.000000
378.000000
408.000000
432.000000
433.000000
429.000000
429.000000
430.000000
491.000000
489.000000
487.000000
429.000000
322.000000
325.000000
326.000000
328.000000
431.000000
383.000000
386.000000
489.000000
493.000000
482.000000
379.000000
379.000000
376.000000
434.000000
440.000000
429.000000
429.000000
486.000000
487.000000
490.000000
535.000000
541.000000
486.000000
320.000000
379.000000
380.000000
383.000000
430.000000
489.000000
487.000000
432.000000
437.000000
429.000000
429.000000
431.000000
375.000000
379.000000
378.000000
379.000000
376.000000
381.000000
433.000000
431.000000
378.000000
436.000000
430.000000
429.000000
485.000000
486.000000
432.000000
440.000000
437.000000
436.000000
433.000000
377.000000
430.000000
429.000000
533.000000
433.000000
430.000000
433.000000
433.000000
433.000000
430.000000
433.000000
434.000000
438.000000
377.000000
323.000000
325.000000
323.000000
327.000000
325.000000
326.000000
375.000000
381.000000
379.000000
325.000000
432.000000
376.000000
428.000000
377.000000
435.000000
379.000000
376.000000
494.000000
483.000000
380.000000
382.000000
379.000000
383.000000
376.000000
381.000000
421.000000
377.000000
379.000000
489.000000
487.000000
484.000000
536.000000
429.000000
429.000000
487.000000
429.000000
323.000000
432.000000
325.000000
326.000000
379.000000
380.000000
386.000000
428.000000
375.000000
376.000000
433.000000
437.000000
432.000000
484.000000
439.000000
439.000000
433.000000
433.000000
432.000000
433.000000
377.000000
325.000000
323.000000
325.000000
323.000000
323.000000
12425.000000
330.000000
379.000000
375.000000
483.000000
380.000000
389.000000
376.000000
431.000000
380.000000
325.000000
268.000000
275.000000
323.000000
322.000000
329.000000
326.000000
12321.000000
323.000000
383.000000
433.000000
485.000000
493.000000
490.000000
483.000000
434.000000
427.000000
376.000000
433.000000
324.000000
376.000000
376.000000
376.000000
379.000000
330.000000
376.000000
379.000000
481.000000
446.000000
493.000000
486.000000
483.000000
484.000000
493.000000
436.000000
377.000000
215.000000
215.000000
275.000000
329.000000
12371.000000
375.000000
432.000000
486.000000
379.000000
377.000000
380.000000
481.000000
537.000000
325.000000
325.000000
322.000000
322.000000
433.000000
431.000000
429.000000
429.000000
430.000000
432.000000
332.000000
328.000000
389.000000
380.000000
376.000000
427.000000
470.000000
430.000000
438.000000
487.000000
436.000000
490.000000
483.000000
435.000000
432.000000
382.000000
322.000000
322.000000
215.000000
268.000000
268.000000
375.000000
375.000000
376.000000
378.000000
537.000000
430.000000
434.000000
441.000000
481.000000
436.000000
437.000000
433.000000
436.000000
375.000000
379.000000
322.000000
326.000000
323.000000
322.000000
436.000000
486.000000
375.000000
376.000000
433.000000
432.000000
433.000000
434.000000
381.000000
375.000000
385.000000
376.000000
380.000000
270.000000
375.000000
428.000000
387.000000
382.000000
379.000000
485.000000
483.000000
490.000000
516.000000
484.000000
486.000000
483.000000
587.000000
432.000000
433.000000
433.000000
431.000000
433.000000
430.000000
437.000000
436.000000
486.000000
544.000000
435.000000
433.000000
434.000000
433.000000
6359.000000
377.000000
329.000000
379.000000
379.000000
328.000000
377.000000
4449.000000
483.000000
519.000000
486.000000
487.000000
484.000000
485.000000
380.000000
379.000000
378.000000
434.000000
379.000000
428.000000
431.000000
434.000000
483.000000
436.000000
480.000000
431.000000
430.000000
429.000000
484.000000
491.000000
492.000000
486.000000
483.000000
493.000000
486.000000
486.000000
487.000000
490.000000
433.000000
484.000000
497.000000
483.000000
487.000000
482.000000
484.000000
490.000000
493.000000
489.000000
483.000000
490.000000
538.000000
487.000000
486.000000
483.000000
269.000000
483.000000
478.000000
273.000000
377.000000
380.000000
429.000000
436.000000
484.000000
487.000000
439.000000
488.000000
434.000000
438.000000
430.000000
485.000000
430.000000
431.000000
322.000000
323.000000
325.000000
323.000000
322.000000
326.000000
331.000000
322.000000
322.000000
485.000000
486.000000
486.000000
487.000000
435.000000
435.000000
434.000000
379.000000
322.000000
379.000000
269.000000
268.000000
322.000000
16324.000000
271.000000
268.000000
215.000000
325.000000
378.000000
431.000000
437.000000
433.000000
429.000000
541.000000
439.000000
431.000000
433.000000
434.000000
439.000000
429.000000
430.000000
432.000000
4566.000000
430.000000
486.000000
432.000000
435.000000
433.000000
431.000000
440.000000
323.000000
325.000000
322.000000
268.000000
433.000000
433.000000
432.000000
432.000000
584.000000
487.000000
325.000000
325.000000
322.000000
324.000000
272.000000
321.000000
268.000000
319.000000
322.000000
379.000000
380.000000
384.000000
376.000000
378.000000
376.000000
427.000000
376.000000
375.000000
378.000000
376.000000
379.000000
483.000000
535.000000
490.000000
432.000000
272.000000
269.000000
325.000000
326.000000
331.000000
490.000000
376.000000
375.000000
489.000000
484.000000
487.000000
493.000000
434.000000
430.000000
429.000000
432.000000
326.000000
329.000000
272.000000
376.000000
430.000000
432.000000
490.000000
490.000000
482.000000
490.000000
436.000000
384.000000
433.000000
487.000000
485.000000
429.000000
481.000000
437.000000
429.000000
493.000000
439.000000
375.000000
435.000000
384.000000
326.000000
436.000000
436.000000
433.000000
380.000000
329.000000
325.000000
12242.000000
380.000000
380.000000
359.000000
326.000000
380.000000
483.000000
688.000000
379.000000
376.000000
380.000000
380.000000
469.000000
481.000000
430.000000
429.000000
431.000000
439.000000
382.000000
379.000000
376.000000
323.000000
380.000000
326.000000
386.000000
275.000000
339.000000
323.000000
327.000000
380.000000
429.000000
433.000000
433.000000
429.000000
382.000000
376.000000
380.000000
8487.000000
431.000000
430.000000
485.000000
486.000000
486.000000
431.000000
429.000000
376.000000
432.000000
377.000000
326.000000
379.000000
433.000000
437.000000
573.000000
376.000000
378.000000
483.000000
486.000000
486.000000
585.000000
483.000000
430.000000
440.000000
433.000000
444.000000
380.000000
433.000000
432.000000
433.000000
483.000000
435.000000
325.000000
12322.000000
376.000000
379.000000
499.000000
544.000000
538.000000
483.000000
489.000000
430.000000
482.000000
543.000000
433.000000
380.000000
326.000000
323.000000
326.000000
323.000000
216.000000
272.000000
273.000000
272.000000
273.000000
382.000000
326.000000
446.000000
376.000000
325.000000
268.000000
272.000000
272.000000
330.000000
378.000000
430.000000
434.000000
379.000000
547.000000
545.000000
486.000000
443.000000
486.000000
605.000000
524.000000
486.000000
492.000000
433.000000
485.000000
486.000000
486.000000
537.000000
545.000000
376.000000
380.000000
376.000000
379.000000
432.000000
439.000000
378.000000
380.000000
381.000000
386.000000
378.000000
379.000000
378.000000
383.000000
430.000000
383.000000
323.000000
436.000000
484.000000
377.000000
384.000000
379.000000
379.000000
379.000000
483.000000
382.000000
381.000000
382.000000
377.000000
380.000000
491.000000
433.000000
382.000000
429.000000
433.000000
429.000000
443.000000
432.000000
433.000000
493.000000
511.000000
498.000000
272.000000
329.000000
380.000000
325.000000
12364.000000
325.000000
324.000000
322.000000
437.000000
430.000000
325.000000
376.000000
326.000000
322.000000
379.000000
427.000000
432.000000
482.000000
429.000000
430.000000
480.000000
440.000000
433.000000
589.000000
429.000000
429.000000
430.000000
486.000000
486.000000
483.000000
483.000000
486.000000
488.000000
483.000000
436.000000
439.000000
493.000000
376.000000
491.000000
437.000000
485.000000
435.000000
430.000000
435.000000
381.000000
435.000000
492.000000
533.000000
379.000000
377.000000
375.000000
378.000000
375.000000
328.000000
381.000000
383.000000
379.000000
384.000000
376.000000
433.000000
481.000000
433.000000
487.000000
488.000000
486.000000
493.000000
484.000000
429.000000
429.000000
430.000000
483.000000
536.000000
484.000000
429.000000
430.000000
434.000000
433.000000
444.000000
433.000000
429.000000
432.000000
429.000000
331.000000
432.000000
440.000000
436.000000
436.000000
429.000000
454.000000
379.000000
432.000000
429.000000
434.000000
483.000000
486.000000
490.000000
483.000000
489.000000
489.000000
436.000000
329.000000
481.000000
436.000000
487.000000
375.000000
379.000000
430.000000
482.000000
375.000000
330.000000
322.000000
376.000000
382.000000
380.000000
377.000000
324.000000
379.000000
272.000000
484.000000
433.000000
433.000000
426.000000
375.000000
436.000000
429.000000
400.000000
4512.000000
489.000000
493.000000
486.000000
490.000000
540.000000
432.000000
376.000000
381.000000
378.000000
383.000000
376.000000
342.000000
376.000000
436.000000
384.000000
437.000000
429.000000
383.000000
430.000000
431.000000
433.000000
484.000000
483.000000
490.000000
484.000000
432.000000
435.000000
383.000000
439.000000
437.000000
323.000000
276.000000
269.000000
388.000000
325.000000
382.000000
376.000000
437.000000
379.000000
429.000000
433.000000
430.000000
432.000000
481.000000
386.000000
326.000000
379.000000
376.000000
376.000000
379.000000
379.000000
375.000000
375.000000
377.000000
430.000000
439.000000
483.000000
431.000000
429.000000
483.000000
442.000000
430.000000
433.000000
435.000000
4571.000000
440.000000
436.000000
433.000000
490.000000
487.000000
483.000000
484.000000
432.000000
375.000000
375.000000
379.000000
436.000000
429.000000
433.000000
435.000000
435.000000
430.000000
436.000000
436.000000
484.000000
484.000000
483.000000
430.000000
433.000000
486.000000
486.000000
483.000000
594.000000
483.000000
487.000000
487.000000
490.000000
430.000000
387.000000
433.000000
544.000000
541.000000
487.000000
490.000000
432.000000
433.000000
430.000000
432.000000
383.000000
433.000000
379.000000
379.000000
375.000000
380.000000
325.000000
374.000000
381.000000
376.000000
379.000000
377.000000
484.000000
438.000000
427.000000
430.000000
486.000000
433.000000
376.000000
376.000000
433.000000
429.000000
433.000000
484.000000
433.000000
432.000000
536.000000
435.000000
429.000000
433.000000
432.000000
429.000000
433.000000
439.000000
395.000000
430.000000
436.000000
433.000000
383.000000
272.000000
433.000000
430.000000
435.000000
424.000000
268.000000
215.000000
215.000000
274.000000
269.000000
279.000000
379.000000
430.000000
480.000000
531.000000
4492.000000
429.000000
432.000000
435.000000
377.000000
376.000000
322.000000
324.000000
324.000000
277.000000
322.000000
323.000000
436.000000
436.000000
433.000000
434.000000
378.000000
377.000000
331.000000
326.000000
275.000000
326.000000
539.000000
434.000000
436.000000
490.000000
485.000000
490.000000
485.000000
489.000000
427.000000
486.000000
432.000000
435.000000
439.000000
439.000000
268.000000
273.000000
268.000000
219.000000
272.000000
269.000000
271.000000
378.000000
487.000000
490.000000
483.000000
457.000000
432.000000
481.000000
492.000000
429.000000
429.000000
430.000000
537.000000
435.000000
12475.000000
277.000000
379.000000
380.000000
377.000000
376.000000
379.000000
379.000000
326.000000
379.000000
489.000000
379.000000
378.000000
433.000000
384.000000
376.000000
375.000000
375.000000
396.000000
381.000000
383.000000
383.000000
379.000000
384.000000
486.000000
487.000000
497.000000
483.000000
382.000000
379.000000
375.000000
381.000000
486.000000
425.000000
480.000000
482.000000
585.000000
322.000000
374.000000
327.000000
269.000000
274.000000
271.000000
326.000000
377.000000
377.000000
487.000000
433.000000
435.000000
380.000000
379.000000
379.000000
431.000000
376.000000
380.000000
381.000000
478.000000
480.000000
440.000000
434.000000
376.000000
377.000000
379.000000
323.000000
326.000000
378.000000
383.000000
433.000000
433.000000
482.000000
330.000000
374.000000
384.000000
326.000000
439.000000
429.000000
379.000000
219.000000
219.000000
219.000000
216.000000
323.000000
20190.000000
272.000000
272.000000
322.000000
326.000000
383.000000
376.000000
437.000000
484.000000
492.000000
490.000000
436.000000
381.000000
377.000000
376.000000
376.000000
435.000000
489.000000
596.000000
378.000000
379.000000
385.000000
376.000000
431.000000
380.000000
486.000000
483.000000
489.000000
543.000000
430.000000
436.000000
437.000000
376.000000
215.000000
295.000000
269.000000
269.000000
431.000000
436.000000
376.000000
376.000000
433.000000
376.000000
8385.000000
440.000000
383.000000
379.000000
325.000000
272.000000
268.000000
269.000000
383.000000
285731.000000
375.000000
485.000000
431.000000
483.000000
483.000000
440.000000
379.000000
381.000000
375.000000
383.000000
329.000000
326.000000
322.000000
323.000000
378.000000
380.000000
323.000000
322.000000
325.000000
375.000000
433.000000
430.000000
486.000000
383.000000
433.000000
483.000000
483.000000
443.000000
432.000000
429.000000
433.000000
320.000000
429.000000
488.000000
484.000000
483.000000
430.000000
436.000000
433.000000
488.000000
429.000000
432.000000
379.000000
322.000000
325.000000
436.000000
488.000000
429.000000
429.000000
436.000000
429.000000
430.000000
430.000000
430.000000
484.000000
385.000000
541.000000
432.000000
389.000000
433.000000
484.000000
489.000000
488.000000
492.000000
546.000000
487.000000
537.000000
379.000000
379.000000
430.000000
430.000000
444.000000
429.000000
433.000000
433.000000
439.000000
430.000000
433.000000
430.000000
376.000000
376.000000
379.000000
380.000000
381.000000
377.000000
430.000000
430.000000
434.000000
486.000000
434.000000
481.000000
483.000000
489.000000
486.000000
482.000000
430.000000
430.000000
481.000000
436.000000
431.000000
383.000000
381.000000
440.000000
382.000000
380.000000
436.000000
532.000000
433.000000
383.000000
433.000000
491.000000
423.000000
490.000000
435.000000
487.000000
486.000000
436.000000
218.000000
436.000000
387.000000
380.000000
376.000000
377.000000
377.000000
437.000000
429.000000
487.000000
428.000000
484.000000
429.000000
433.000000
376.000000
433.000000
379.000000
429.000000
376.000000
382.000000
376.000000
377.000000
383.000000
431.000000
431.000000
382.000000
382.000000
376.000000
383.000000
383.000000
380.000000
433.000000
430.000000
432.000000
486.000000
276.000000
272.000000
272.000000
386.000000
385.000000
376.000000
383.000000
379.000000
379.000000
431.000000
429.000000
436.000000
483.000000
443.000000
437.000000
379.000000
437.000000
433.000000
433.000000
429.000000
433.000000
436.000000
437.000000
380.000000
381.000000
327.000000
434.000000
431.000000
429.000000
310.000000
326.000000
322.000000
326.000000
326.000000
432.000000
433.000000
379.000000
376.000000
378.000000
381.000000
323.000000
380.000000
376.000000
326.000000
376.000000
383.000000
429.000000
383.000000
326.000000
325.000000
323.000000
325.000000
434.000000
436.000000
490.000000
436.000000
491.000000
433.000000
430.000000
490.000000
433.000000
329.000000
329.000000
326.000000
486.000000
484.000000
430.000000
430.000000
481.000000
382.000000
376.000000
379.000000
433.000000
433.000000
432.000000
332.000000
379.000000
329.000000
376.000000
380.000000
383.000000
378.000000
382.000000
377.000000
376.000000
378.000000
378.000000
379.000000
379.000000
385.000000
376.000000
376.000000
545.000000
440.000000
435.000000
432.000000
433.000000
432.000000
322.000000
279.000000
11114.000000
374.000000
326.000000
322.000000
280.000000
429.000000
379.000000
487.000000
485.000000
483.000000
432.000000
429.000000
488.000000
432.000000
434.000000
487.000000
435.000000
430.000000
375.000000
433.000000
435.000000
541.000000
383.000000
379.000000
438.000000
428.000000
432.000000
432.000000
329.000000
430.000000
324.000000
323.000000
381.000000
427.000000
379.000000
327.000000
437.000000
433.000000
485.000000
326.000000
484.000000
273.000000
271.000000
16406.000000
273.000000
273.000000
16317.000000
272.000000
484.000000
433.000000
411.000000
432.000000
429.000000
432.000000
441.000000
382.000000
416.000000
384.000000
323.000000
331.000000
379.000000
328.000000
375.000000
381.000000
379.000000
545.000000
483.000000
432.000000
433.000000
436.000000
429.000000
430.000000
433.000000
429.000000
499.000000
486.000000
483.000000
483.000000
436.000000
436.000000
376.000000
433.000000
432.000000
429.000000
432.000000
433.000000
481.000000
484.000000
435.000000
376.000000
377.000000
431.000000
483.000000
483.000000
439.000000
430.000000
538.000000
432.000000
429.000000
433.000000
433.000000
535.000000
429.000000
433.000000
430.000000
382.000000
376.000000
434.000000
387.000000
430.000000
376.000000
382.000000
379.000000
380.000000
379.000000
382.000000
381.000000
435.000000
439.000000
491.000000
488.000000
430.000000
432.000000
323.000000
273.000000
490.000000
432.000000
431.000000
376.000000
440.000000
481.000000
430.000000
384.000000
430.000000
487.000000
571.000000
490.000000
430.000000
430.000000
434.000000
436.000000
435.000000
431.000000
431.000000
443.000000
490.000000
483.000000
380.000000
376.000000
429.000000
484.000000
383.000000
379.000000
376.000000
378.000000
377.000000
376.000000
430.000000
433.000000
429.000000
388.000000
4490.000000
429.000000
440.000000
376.000000
376.000000
325.000000
378.000000
324.000000
330.000000
427.000000
375.000000
430.000000
432.000000
435.000000
434.000000
430.000000
433.000000
440.000000
429.000000
376.000000
384.000000
385.000000
329.000000
322.000000
382.000000
379.000000
433.000000
376.000000
429.000000
433.000000
429.000000
493.000000
430.000000
432.000000
433.000000
433.000000
327.000000
322.000000
322.000000
323.000000
329.000000
433.000000
439.000000
393.000000
376.000000
376.000000
379.000000
486.000000
391.000000
273.000000
323.000000
323.000000
16324.000000
383.000000
8380.000000
427.000000
379.000000
379.000000
493.000000
442.000000
485.000000
489.000000
486.000000
537.000000
430.000000
484.000000
429.000000
433.000000
376.000000
382.000000
378.000000
431.000000
430.000000
433.000000
433.000000
434.000000
433.000000
439.000000
481.000000
433.000000
432.000000
379.000000
376.000000
381.000000
384.000000
8400.000000
380.000000
376.000000
386.000000
383.000000
535.000000
433.000000
430.000000
379.000000
376.000000
322.000000
322.000000
322.000000
484.000000
431.000000
429.000000
381.000000
382.000000
376.000000
8405.000000
379.000000
376.000000
6929.000000
384.000000
467.000000
431.000000
326.000000
322.000000
380.000000
383.000000
375.000000
430.000000
430.000000
486.000000
490.000000
487.000000
660.000000
379.000000
376.000000
377.000000
323.000000
322.000000
322.000000
322.000000
269.000000
269.000000
219.000000
218.000000
218.000000
322.000000
322.000000
381.000000
8454.000000
429.000000
380.000000
382.000000
377.000000
386.000000
376.000000
376.000000
376.000000
326.000000
440.000000
431.000000
429.000000
487.000000
433.000000
384.000000
384.000000
482.000000
430.000000
429.000000
433.000000
433.000000
430.000000
489.000000
487.000000
487.000000
376.000000
327.000000
276.000000
215.000000
268.000000
271.000000
430.000000
483.000000
494.000000
488.000000
489.000000
493.000000
483.000000
490.000000
485.000000
484.000000
486.000000
431.000000
435.000000
436.000000
483.000000
433.000000
430.000000
430.000000
435.000000
433.000000
432.000000
435.000000
489.000000
487.000000
486.000000
329.000000
382.000000
383.000000
376.000000
490.000000
383.000000
433.000000
376.000000
377.000000
432.000000
435.000000
433.000000
386.000000
383.000000
382.000000
390.000000
379.000000
330.000000
377.000000
430.000000
435.000000
430.000000
433.000000
4477.000000
429.000000
390.000000
428.000000
379.000000
493.000000
384.000000
273.000000
329.000000
322.000000
328.000000
275.000000
490.000000
538.000000
431.000000
433.000000
379.000000
380.000000
382.000000
433.000000
430.000000
439.000000
377.000000
329.000000
326.000000
327.000000
375.000000
442.000000
540.000000
437.000000
433.000000
483.000000
484.000000
483.000000
487.000000
534.000000
483.000000
379.000000
379.000000
323.000000
324.000000
322.000000
379.000000
329.000000
377.000000
440.000000
490.000000
486.000000
489.000000
488.000000
484.000000
487.000000
487.000000
483.000000
379.000000
379.000000
377.000000
383.000000
380.000000
379.000000
379.000000
375.000000
488.000000
432.000000
387.000000
323.000000
325.000000
383.000000
326.000000
379.000000
379.000000
322.000000
325.000000
433.000000
432.000000
439.000000
380.000000
433.000000
380.000000
382.000000
382.000000
433.000000
484.000000
697.000000
483.000000
486.000000
487.000000
534.000000
490.000000
490.000000
484.000000
483.000000
548.000000
493.000000
490.000000
534.000000
600.000000
481.000000
433.000000
433.000000
487.000000
484.000000
433.000000
431.000000
433.000000
429.000000
432.000000
431.000000
430.000000
430.000000
483.000000
436.000000
434.000000
429.000000
433.000000
434.000000
481.000000
537.000000
487.000000
490.000000
490.000000
592.000000
488.000000
535.000000
452.000000
494.000000
486.000000
491.000000
496.000000
487.000000
379.000000
376.000000
486.000000
376.000000
379.000000
376.000000
376.000000
440.000000
381.000000
433.000000
484.000000
486.000000
489.000000
430.000000
331.000000
383.000000
379.000000
269.000000
221.000000
492.000000
492.000000
489.000000
537.000000
483.000000
487.000000
483.000000
383.000000
383.000000
381.000000
379.000000
436.000000
432.000000
379.000000
438.000000
436.000000
436.000000
430.000000
432.000000
433.000000
388.000000
435.000000
377.000000
376.000000
324.000000
323.000000
275.000000
437.000000
326.000000
433.000000
430.000000
537.000000
483.000000
483.000000
433.000000
489.000000
541.000000
376.000000
322.000000
326.000000
325.000000
330.000000
322.000000
321.000000
322.000000
483.000000
490.000000
487.000000
436.000000
430.000000
481.000000
383.000000
386.000000
376.000000
377.000000
383.000000
379.000000
431.000000
433.000000
432.000000
429.000000
432.000000
432.000000
431.000000
429.000000
433.000000
429.000000
432.000000
433.000000
438.000000
537.000000
489.000000
484.000000
490.000000
330.000000
323.000000
324.000000
326.000000
381.000000
436.000000
323.000000
325.000000
276.000000
269.000000
269.000000
272.000000
269.000000
268.000000
431.000000
436.000000
325.000000
325.000000
391.000000
430.000000
437.000000
431.000000
384.000000
381.000000
431.000000
483.000000
322.000000
326.000000
322.000000
323.000000
323.000000
373.000000
327.000000
325.000000
486.000000
485.000000
535.000000
320.000000
268.000000
381.000000
431.000000
437.000000
436.000000
487.000000
432.000000
429.000000
431.000000
436.000000
484.000000
389.000000
382.000000
328.000000
377.000000
377.000000
484.000000
483.000000
484.000000
433.000000
436.000000
383.000000
377.000000
377.000000
484.000000
431.000000
593.000000
430.000000
330.000000
436.000000
376.000000
430.000000
430.000000
440.000000
433.000000
436.000000
486.000000
430.000000
433.000000
388.000000
377.000000
430.000000
486.000000
537.000000
490.000000
385.000000
429.000000
216.000000
219.000000
215.000000
269.000000
271.000000
378.000000
378.000000
429.000000
433.000000
440.000000
436.000000
440.000000
480.000000
438.000000
432.000000
433.000000
432.000000
439.000000
429.000000
433.000000
4405.000000
434.000000
434.000000
532.000000
433.000000
430.000000
487.000000
435.000000
432.000000
430.000000
432.000000
431.000000
431.000000
433.000000
322.000000
326.000000
215.000000
218.000000
215.000000
488.000000
429.000000
430.000000
433.000000
432.000000
488.000000
490.000000
443.000000
489.000000
432.000000
433.000000
433.000000
440.000000
431.000000
436.000000
433.000000
375.000000
381.000000
376.000000
379.000000
377.000000
432.000000
438.000000
430.000000
437.000000
429.000000
483.000000
490.000000
490.000000
485.000000
486.000000
432.000000
433.000000
379.000000
376.000000
379.000000
429.000000
484.000000
379.000000
327.000000
480.000000
379.000000
379.000000
429.000000
482.000000
430.000000
432.000000
486.000000
377.000000
375.000000
376.000000
433.000000
379.000000
376.000000
379.000000
325.000000
331.000000
332.000000
321.000000
431.000000
429.000000
430.000000
379.000000
381.000000
380.000000
379.000000
384.000000
431.000000
376.000000
329.000000
326.000000
326.000000
377.000000
437.000000
375.000000
376.000000
323.000000
323.000000
376.000000
376.000000
322.000000
329.000000
11562.000000
327.000000
379.000000
376.000000
376.000000
378.000000
445.000000
435.000000
436.000000
433.000000
431.000000
435.000000
433.000000
376.000000
375.000000
384.000000
429.000000
486.000000
486.000000
429.000000
429.000000
430.000000
435.000000
432.000000
437.000000
381.000000
435.000000
432.000000
430.000000
379.000000
522.000000
434.000000
429.000000
436.000000
443.000000
488.000000
486.000000
433.000000
541.000000
482.000000
430.000000
322.000000
273.000000
320.000000
277.000000
270.000000
272.000000
273.000000
272.000000
273.000000
383.000000
437.000000
430.000000
379.000000
378.000000
8333.000000
376.000000
375.000000
483.000000
490.000000
429.000000
434.000000
431.000000
430.000000
379.000000
376.000000
7805.000000
379.000000
486.000000
485.000000
553.000000
484.000000
483.000000
487.000000
487.000000
430.000000
379.000000
323.000000
325.000000
431.000000
493.000000
489.000000
433.000000
383.000000
378.000000
376.000000
379.000000
383.000000
376.000000
486.000000
488.000000
433.000000
376.000000
379.000000
376.000000
376.000000
429.000000
329.000000
326.000000
376.000000
376.000000
431.000000
492.000000
483.000000
496.000000
486.000000
430.000000
431.000000
433.000000
440.000000
380.000000
375.000000
380.000000
437.000000
377.000000
379.000000
430.000000
376.000000
380.000000
380.000000
379.000000
324.000000
376.000000
379.000000
378.000000
437.000000
429.000000
430.000000
429.000000
378.000000
327.000000
377.000000
326.000000
376.000000
376.000000
379.000000
387.000000
437.000000
377.000000
431.000000
9646.000000
333.000000
322.000000
325.000000
215.000000
268.000000
323.000000
375.000000
324.000000
436.000000
433.000000
429.000000
430.000000
382.000000
322.000000
328.000000
326.000000
322.000000
328.000000
326.000000
329.000000
379.000000
377.000000
381.000000
494.000000
430.000000
536.000000
430.000000
430.000000
436.000000
432.000000
480.000000
434.000000
433.000000
483.000000
546.000000
442.000000
485.000000
482.000000
493.000000
538.000000
376.000000
385.000000
380.000000
322.000000
333.000000
269.000000
215.000000
269.000000
269.000000
326.000000
388.000000
269.000000
274.000000
326.000000
270.000000
323.000000
376.000000
376.000000
376.000000
379.000000
376.000000
379.000000
376.000000
379.000000
379.000000
430.000000
487.000000
486.000000
379.000000
379.000000
379.000000
376.000000
323.000000
382.000000
437.000000
322.000000
222.000000
322.000000
310.000000
325.000000
432.000000
437.000000
436.000000
437.000000
429.000000
430.000000
434.000000
430.000000
486.000000
437.000000
376.000000
379.000000
440.000000
433.000000
429.000000
433.000000
484.000000
433.000000
490.000000
388.000000
381.000000
430.000000
433.000000
431.000000
486.000000
483.000000
486.000000
432.000000
429.000000
433.000000
376.000000
381.000000
427.000000
377.000000
380.000000
435.000000
437.000000
433.000000
433.000000
4421.000000
433.000000
432.000000
433.000000
4440.000000
487.000000
487.000000
432.000000
434.000000
482.000000
436.000000
432.000000
430.000000
436.000000
429.000000
483.000000
489.000000
385.000000
436.000000
434.000000
491.000000
484.000000
318.000000
275.000000
486.000000
544.000000
493.000000
488.000000
487.000000
483.000000
429.000000
483.000000
436.000000
438.000000
430.000000
433.000000
435.000000
484.000000
429.000000
431.000000
484.000000
4535.000000
488.000000
431.000000
433.000000
381.000000
375.000000
326.000000
323.000000
272.000000
329.000000
376.000000
430.000000
383.000000
376.000000
379.000000
430.000000
433.000000
432.000000
322.000000
323.000000
323.000000
266.000000
268.000000
326.000000
438.000000
481.000000
486.000000
490.000000
429.000000
433.000000
545.000000
431.000000
431.000000
376.000000
323.000000
429.000000
433.000000
436.000000
373.000000
495.000000
487.000000
483.000000
483.000000
483.000000
486.000000
696.000000
491.000000
436.000000
430.000000
435.000000
432.000000
376.000000
329.000000
322.000000
329.000000
379.000000
428.000000
384.000000
326.000000
329.000000
323.000000
326.000000
322.000000
429.000000
431.000000
379.000000
377.000000
379.000000
433.000000
485.000000
439.000000
437.000000
430.000000
20307.000000
320.000000
429.000000
432.000000
377.000000
379.000000
432.000000
383.000000
430.000000
433.000000
430.000000
430.000000
430.000000
427.000000
382.000000
439.000000
388.000000
428.000000
326.000000
322.000000
429.000000
430.000000
431.000000
578.000000
326.000000
322.000000
322.000000
325.000000
329.000000
379.000000
439.000000
443.000000
432.000000
429.000000
431.000000
475.000000
433.000000
430.000000
482.000000
434.000000
435.000000
381.000000
328.000000
436.000000
443.000000
437.000000
432.000000
381.000000
376.000000
430.000000
461.000000
426.000000
483.000000
483.000000
434.000000
434.000000
440.000000
430.000000
429.000000
429.000000
438.000000
429.000000
383.000000
436.000000
483.000000
430.000000
429.000000
490.000000
537.000000
379.000000
382.000000
378.000000
379.000000
383.000000
429.000000
429.000000
429.000000
379.000000
382.000000
379.000000
327.000000
380.000000
432.000000
430.000000
433.000000
435.000000
538.000000
487.000000
493.000000
486.000000
382.000000
436.000000
433.000000
333.000000
377.000000
481.000000
382.000000
377.000000
431.000000
433.000000
490.000000
490.000000
491.000000
488.000000
486.000000
489.000000
487.000000
443.000000
433.000000
432.000000
490.000000
438.000000
490.000000
490.000000
429.000000
434.000000
432.000000
375.000000
432.000000
389.000000
487.000000
440.000000
486.000000
487.000000
489.000000
485.000000
483.000000
482.000000
483.000000
538.000000
490.000000
487.000000
433.000000
322.000000
268.000000
326.000000
383.000000
521.000000
429.000000
376.000000
376.000000
382.000000
380.000000
379.000000
436.000000
433.000000
433.000000
434.000000
270.000000
272.000000
384.000000
379.000000
8367.000000
377.000000
377.000000
430.000000
380.000000
432.000000
436.000000
441.000000
438.000000
274.000000
272.000000
271.000000
276.000000
322.000000
329.000000
380.000000
435.000000
284.000000
435.000000
535.000000
486.000000
432.000000
436.000000
438.000000
436.000000
490.000000
486.000000
487.000000
589.000000
534.000000
536.000000
538.000000
486.000000
437.000000
276.000000
324.000000
430.000000
483.000000
534.000000
489.000000
486.000000
487.000000
432.000000
436.000000
377.000000
375.000000
379.000000
434.000000
382.000000
432.000000
382.000000
379.000000
429.000000
481.000000
429.000000
490.000000
430.000000
274.000000
430.000000
432.000000
430.000000
432.000000
483.000000
488.000000
484.000000
436.000000
439.000000
430.000000
375.000000
379.000000
383.000000
380.000000
377.000000
376.000000
379.000000
379.000000
436.000000
439.000000
325.000000
325.000000
324.000000
329.000000
326.000000
379.000000
375.000000
430.000000
436.000000
431.000000
492.000000
432.000000
435.000000
433.000000
490.000000
440.000000
493.000000
490.000000
433.000000
493.000000
433.000000
429.000000
433.000000
436.000000
429.000000
430.000000
438.000000
432.000000
432.000000
552.000000
484.000000
435.000000
495.000000
532.000000
382.000000
433.000000
429.000000
433.000000
432.000000
482.000000
383.000000
430.000000
433.000000
327.000000
380.000000
376.000000
379.000000
379.000000
387.000000
376.000000
380.000000
327.000000
323.000000
325.000000
271.000000
433.000000
431.000000
440.000000
430.000000
432.000000
323.000000
269.000000
325.000000
322.000000
323.000000
328.000000
345.000000
388.000000
487.000000
431.000000
430.000000
382.000000
381.000000
397.000000
436.000000
433.000000
430.000000
376.000000
272.000000
215.000000
274.000000
429.000000
433.000000
489.000000
436.000000
436.000000
433.000000
437.000000
430.000000
384.000000
381.000000
380.000000
437.000000
8332.000000
382.000000
381.000000
380.000000
379.000000
429.000000
215.000000
219.000000
272.000000
621.000000
432.000000
322.000000
435.000000
431.000000
430.000000
383.000000
378.000000
376.000000
381.000000
434.000000
484.000000
433.000000
535.000000
487.000000
489.000000
434.000000
433.000000
489.000000
322.000000
323.000000
433.000000
376.000000
376.000000
379.000000
380.000000
379.000000
430.000000
438.000000
434.000000
275.000000
327.000000
326.000000
323.000000
380.000000
432.000000
435.000000
329.000000
333.000000
376.000000
379.000000
376.000000
375.000000
379.000000
8350.000000
595.000000
493.000000
433.000000
3713.000000
377.000000
376.000000
378.000000
376.000000
430.000000
326.000000
273.000000
326.000000
385.000000
435.000000
432.000000
433.000000
486.000000
439.000000
484.000000
429.000000
377.000000
169.000000
162.000000
441.000000
376.000000
376.000000
376.000000
387.000000
430.000000
433.000000
382.000000
430.000000
463.000000
433.000000
322.000000
322.000000
377.000000
326.000000
273.000000
269.000000
16294.000000
275.000000
269.000000
272.000000
380.000000
428.000000
430.000000
429.000000
484.000000
379.000000
379.000000
380.000000
382.000000
379.000000
377.000000
433.000000
438.000000
433.000000
580.000000
495.000000
433.000000
439.000000
474.000000
326.000000
327.000000
322.000000
327.000000
326.000000
432.000000
385.000000
379.000000
481.000000
429.000000
432.000000
436.000000
488.000000
431.000000
429.000000
488.000000
492.000000
429.000000
438.000000
490.000000
432.000000
482.000000
433.000000
376.000000
479.000000
326.000000
326.000000
425.000000
322.000000
326.000000
322.000000
12258.000000
327.000000
377.000000
430.000000
430.000000
437.000000
429.000000
378.000000
376.000000
430.000000
450.000000
487.000000
379.000000
328.000000
373.000000
331.000000
373.000000
439.000000
431.000000
382.000000
376.000000
539.000000
483.000000
533.000000
487.000000
439.000000
429.000000
439.000000
433.000000
490.000000
535.000000
540.000000
487.000000
486.000000
439.000000
489.000000
645.000000
446.000000
431.000000
432.000000
429.000000
380.000000
436.000000
426.000000
376.000000
384.000000
376.000000
378.000000
274.000000
375.000000
317.000000
325.000000
376.000000
272.000000
323.000000
326.000000
549.000000
433.000000
434.000000
430.000000
433.000000
430.000000
432.000000
433.000000
434.000000
430.000000
433.000000
486.000000
433.000000
439.000000
376.000000
329.000000
376.000000
481.000000
431.000000
324.000000
376.000000
326.000000
374.000000
322.000000
322.000000
383.000000
429.000000
386.000000
430.000000
435.000000
377.000000
376.000000
380.000000
376.000000
432.000000
376.000000
376.000000
435.000000
429.000000
430.000000
431.000000
433.000000
433.000000
429.000000
379.000000
430.000000
439.000000
433.000000
436.000000
433.000000
483.000000
378.000000
382.000000
489.000000
429.000000
429.000000
332.000000
377.000000
383.000000
379.000000
383.000000
428.000000
381.000000
377.000000
386.000000
434.000000
431.000000
486.000000
489.000000
437.000000
433.000000
381.000000
327.000000
377.000000
376.000000
375.000000
378.000000
433.000000
381.000000
322.000000
323.000000
12426.000000
326.000000
276.000000
322.000000
379.000000
324.000000
324.000000
323.000000
322.000000
434.000000
325.000000
484.000000
499.000000
433.000000
379.000000
376.000000
378.000000
381.000000
430.000000
439.000000
430.000000
429.000000
429.000000
430.000000
432.000000
439.000000
481.000000
430.000000
433.000000
433.000000
382.000000
436.000000
432.000000
433.000000
486.000000
538.000000
592.000000
441.000000
433.000000
433.000000
429.000000
433.000000
436.000000
430.000000
379.000000
383.000000
377.000000
432.000000
484.000000
490.000000
491.000000
436.000000
434.000000
432.000000
436.000000
430.000000
459.000000
440.000000
437.000000
430.000000
430.000000
433.000000
439.000000
481.000000
490.000000
326.000000
329.000000
326.000000
323.000000
322.000000
378.000000
382.000000
379.000000
379.000000
376.000000
429.000000
430.000000
440.000000
376.000000
376.000000
437.000000
433.000000
376.000000
376.000000
427.000000
378.000000
380.000000
436.000000
430.000000
433.000000
433.000000
433.000000
484.000000
380.000000
377.000000
376.000000
446.000000
440.000000
433.000000
376.000000
487.000000
436.000000
493.000000
482.000000
487.000000
431.000000
490.000000
434.000000
489.000000
432.000000
433.000000
433.000000
435.000000
432.000000
431.000000
435.000000
429.000000
433.000000
430.000000
434.000000
536.000000
484.000000
430.000000
431.000000
436.000000
383.000000
377.000000
384.000000
376.000000
488.000000
443.000000
433.000000
487.000000
433.000000
434.000000
383.000000
377.000000
8380.000000
381.000000
379.000000
377.000000
326.000000
326.000000
268.000000
272.000000
272.000000
322.000000
430.000000
393.000000
376.000000
383.000000
326.000000
377.000000
329.000000
380.000000
383.000000
325.000000
433.000000
437.000000
387.000000
431.000000
380.000000
366.000000
378.000000
497.000000
436.000000
323.000000
379.000000
328.000000
268.000000
268.000000
272.000000
272.000000
322.000000
379.000000
379.000000
380.000000
384.000000
430.000000
534.000000
487.000000
432.000000
430.000000
379.000000
376.000000
430.000000
436.000000
429.000000
433.000000
376.000000
376.000000
384.000000
385.000000
435.000000
439.000000
440.000000
432.000000
483.000000
547.000000
485.000000
490.000000
537.000000
486.000000
429.000000
436.000000
375.000000
376.000000
323.000000
325.000000
384.000000
429.000000
429.000000
323.000000
323.000000
270.000000
269.000000
272.000000
326.000000
8515.000000
429.000000
432.000000
483.000000
484.000000
438.000000
484.000000
383.000000
323.000000
273.000000
16287.000000
383.000000
374.000000
431.000000
435.000000
326.000000
386.000000
379.000000
388.000000
483.000000
438.000000
485.000000
434.000000
376.000000
379.000000
433.000000
382.000000
379.000000
376.000000
429.000000
430.000000
431.000000
431.000000
321.000000
539.000000
430.000000
430.000000
436.000000
484.000000
436.000000
430.000000
489.000000
484.000000
485.000000
487.000000
432.000000
439.000000
376.000000
376.000000
381.000000
434.000000
437.000000
436.000000
433.000000
436.000000
383.000000
268.000000
272.000000
272.000000
431.000000
383.000000
376.000000
432.000000
433.000000
433.000000
429.000000
433.000000
484.000000
376.000000
379.000000
375.000000
376.000000
432.000000
436.000000
485.000000
483.000000
487.000000
483.000000
490.000000
482.000000
540.000000
526.000000
483.000000
483.000000
487.000000
445.000000
494.000000
486.000000
537.000000
483.000000
539.000000
379.000000
382.000000
381.000000
390.000000
483.000000
543.000000
490.000000
486.000000
487.000000
586.000000
437.000000
442.000000
430.000000
377.000000
379.000000
375.000000
379.000000
379.000000
382.000000
430.000000
432.000000
488.000000
486.000000
486.000000
490.000000
430.000000
429.000000
432.000000
429.000000
481.000000
431.000000
494.000000
490.000000
379.000000
383.000000
379.000000
430.000000
483.000000
486.000000
387.000000
432.000000
436.000000
433.000000
375.000000
379.000000
483.000000
378.000000
375.000000
375.000000
435.000000
376.000000
323.000000
322.000000
328.000000
322.000000
430.000000
379.000000
278.000000
326.000000
322.000000
322.000000
379.000000
375.000000
379.000000
326.000000
379.000000
326.000000
326.000000
375.000000
12446.000000
433.000000
325.000000
379.000000
383.000000
376.000000
379.000000
375.000000
432.000000
376.000000
440.000000
378.000000
379.000000
380.000000
379.000000
379.000000
386.000000
481.000000
491.000000
433.000000
429.000000
492.000000
490.000000
430.000000
376.000000
386.000000
322.000000
487.000000
487.000000
434.000000
430.000000
454.000000
483.000000
491.000000
487.000000
483.000000
762.000000
487.000000
433.000000
433.000000
272.000000
268.000000
268.000000
379.000000
378.000000
437.000000
430.000000
484.000000
327.000000
325.000000
386.000000
386.000000
323.000000
430.000000
479.000000
380.000000
4452.000000
318.000000
486.000000
482.000000
486.000000
375.000000
485.000000
495.000000
486.000000
485.000000
380.000000
322.000000
326.000000
269.000000
272.000000
279.000000
269.000000
275.000000
272.000000
379.000000
331.000000
435.000000
433.000000
379.000000
376.000000
322.000000
276.000000
374.000000
433.000000
382.000000
491.000000
489.000000
435.000000
487.000000
489.000000
445.000000
494.000000
429.000000
439.000000
433.000000
490.000000
437.000000
432.000000
387.000000
378.000000
376.000000
491.000000
433.000000
432.000000
432.000000
435.000000
429.000000
379.000000
381.000000
431.000000
376.000000
484.000000
486.000000
430.000000
430.000000
433.000000
430.000000
431.000000
325.000000
383.000000
379.000000
379.000000
325.000000
322.000000
269.000000
329.000000
276.000000
273.000000
325.000000
379.000000
379.000000
375.000000
376.000000
280.000000
430.000000
436.000000
376.000000
378.000000
322.000000
434.000000
437.000000
486.000000
483.000000
323.000000
323.000000
324.000000
427.000000
322.000000
216.000000
375.000000
324.000000
375.000000
441.000000
434.000000
434.000000
484.000000
494.000000
430.000000
431.000000
429.000000
433.000000
381.000000
432.000000
429.000000
486.000000
486.000000
485.000000
378.000000
326.000000
323.000000
323.000000
326.000000
323.000000
323.000000
326.000000
322.000000
433.000000
376.000000
433.000000
432.000000
382.000000
376.000000
325.000000
328.000000
490.000000
487.000000
489.000000
429.000000
488.000000
433.000000
430.000000
424.000000
433.000000
376.000000
433.000000
433.000000
490.000000
489.000000
483.000000
435.000000
375.000000
378.000000
376.000000
378.000000
375.000000
429.000000
436.000000
433.000000
429.000000
434.000000
432.000000
430.000000
487.000000
435.000000
439.000000
433.000000
436.000000
439.000000
432.000000
429.000000
437.000000
429.000000
494.000000
431.000000
379.000000
386.000000
429.000000
433.000000
429.000000
434.000000
379.000000
430.000000
482.000000
429.000000
483.000000
432.000000
429.000000
434.000000
531.000000
378.000000
385.000000
376.000000
379.000000
378.000000
376.000000
380.000000
382.000000
385.000000
382.000000
433.000000
381.000000
381.000000
380.000000
323.000000
382.000000
323.000000
380.000000
376.000000
383.000000
379.000000
386.000000
437.000000
431.000000
323.000000
275.000000
323.000000
323.000000
272.000000
269.000000
430.000000
433.000000
445.000000
429.000000
429.000000
430.000000
433.000000
319.000000
379.000000
435.000000
269.000000
325.000000
380.000000
322.000000
323.000000
382.000000
480.000000
273.000000
272.000000
269.000000
322.000000
381.000000
324.000000
326.000000
324.000000
326.000000
436.000000
4490.000000
437.000000
433.000000
436.000000
376.000000
437.000000
434.000000
436.000000
381.000000
380.000000
338.000000
431.000000
429.000000
433.000000
430.000000
486.000000
483.000000
486.000000
488.000000
483.000000
433.000000
432.000000
429.000000
484.000000
429.000000
424.000000
487.000000
453.000000
383.000000
431.000000
375.000000
376.000000
486.000000
483.000000
380.000000
380.000000
376.000000
483.000000
484.000000
483.000000
483.000000
429.000000
379.000000
380.000000
432.000000
545.000000
490.000000
445.000000
483.000000
429.000000
379.000000
376.000000
430.000000
382.000000
380.000000
377.000000
322.000000
326.000000
269.000000
271.000000
485.000000
490.000000
323.000000
328.000000
268.000000
321.000000
386.000000
5438.000000
327.000000
325.000000
432.000000
322.000000
432.000000
326.000000
376.000000
375.000000
484.000000
376.000000
327.000000
322.000000
379.000000
428.000000
376.000000
375.000000
438.000000
437.000000
428.000000
429.000000
701.000000
487.000000
385.000000
379.000000
379.000000
376.000000
438.000000
430.000000
429.000000
433.000000
437.000000
376.000000
380.000000
322.000000
379.000000
322.000000
326.000000
431.000000
381.000000
429.000000
433.000000
490.000000
486.000000
486.000000
486.000000
437.000000
434.000000
375.000000
379.000000
382.000000
379.000000
376.000000
326.000000
326.000000
432.000000
436.000000
380.000000
398.000000
433.000000
379.000000
433.000000
429.000000
433.000000
429.000000
382.000000
483.000000
536.000000
492.000000
486.000000
486.000000
540.000000
486.000000
436.000000
433.000000
436.000000
432.000000
430.000000
430.000000
433.000000
380.000000
384.000000
383.000000
541.000000
376.000000
379.000000
326.000000
326.000000
434.000000
432.000000
434.000000
488.000000
538.000000
436.000000
376.000000
375.000000
376.000000
376.000000
380.000000
380.000000
377.000000
380.000000
434.000000
437.000000
429.000000
376.000000
379.000000
8261.000000
432.000000
430.000000
433.000000
586.000000
379.000000
322.000000
327.000000
322.000000
328.000000
379.000000
8379.000000
381.000000
361.000000
430.000000
488.000000
471.000000
490.000000
535.000000
436.000000
484.000000
376.000000
376.000000
376.000000
380.000000
428.000000
377.000000
492.000000
484.000000
431.000000
432.000000
329.000000
329.000000
376.000000
379.000000
483.000000
483.000000
486.000000
486.000000
487.000000
486.000000
488.000000
483.000000
326.000000
430.000000
434.000000
436.000000
436.000000
433.000000
487.000000
376.000000
383.000000
304.000000
381.000000
382.000000
379.000000
330.000000
432.000000
434.000000
484.000000
486.000000
494.000000
485.000000
538.000000
483.000000
329.000000
433.000000
585.000000
432.000000
429.000000
441.000000
433.000000
434.000000
375.000000
380.000000
385.000000
376.000000
434.000000
432.000000
436.000000
433.000000
436.000000
433.000000
379.000000
382.000000
326.000000
326.000000
323.000000
325.000000
376.000000
432.000000
490.000000
383.000000
378.000000
324.000000
322.000000
376.000000
326.000000
428.000000
379.000000
379.000000
377.000000
486.000000
433.000000
429.000000
429.000000
394.000000
494.000000
430.000000
481.000000
483.000000
269.000000
333.000000
323.000000
382.000000
377.000000
493.000000
483.000000
486.000000
483.000000
435.000000
376.000000
380.000000
380.000000
379.000000
381.000000
376.000000
489.000000
434.000000
488.000000
432.000000
382.000000
376.000000
486.000000
429.000000
484.000000
493.000000
483.000000
430.000000
437.000000
378.000000
429.000000
380.000000
376.000000
376.000000
383.000000
323.000000
331.000000
376.000000
322.000000
329.000000
322.000000
323.000000
323.000000
322.000000
486.000000
439.000000
436.000000
436.000000
484.000000
429.000000
434.000000
383.000000
435.000000
432.000000
379.000000
382.000000
376.000000
433.000000
534.000000
490.000000
379.000000
270.000000
377.000000
322.000000
325.000000
380.000000
382.000000
329.000000
322.000000
326.000000
329.000000
376.000000
439.000000
440.000000
431.000000
545.000000
379.000000
322.000000
324.000000
268.000000
268.000000
269.000000
268.000000
430.000000
379.000000
376.000000
342.000000
433.000000
485.000000
487.000000
530.000000
435.000000
491.000000
433.000000
430.000000
486.000000
491.000000
430.000000
482.000000
481.000000
430.000000
376.000000
380.000000
377.000000
429.000000
433.000000
376.000000
379.000000
427.000000
376.000000
431.000000
485.000000
435.000000
322.000000
325.000000
329.000000
325.000000
326.000000
327.000000
375.000000
380.000000
324.000000
379.000000
378.000000
426.000000
376.000000
436.000000
286.000000
323.000000
325.000000
376.000000
381.000000
379.000000
437.000000
430.000000
373.000000
326.000000
322.000000
322.000000
325.000000
273.000000
377.000000
323.000000
271.000000
331.000000
378.000000
433.000000
377.000000
433.000000
439.000000
429.000000
430.000000
433.000000
428.000000
376.000000
376.000000
430.000000
430.000000
480.000000
431.000000
433.000000
375.000000
433.000000
379.000000
376.000000
596.000000
484.000000
488.000000
437.000000
433.000000
433.000000
379.000000
377.000000
380.000000
376.000000
274.000000
276.000000
273.000000
213.000000
272.000000
324.000000
322.000000
324.000000
488.000000
484.000000
487.000000
379.000000
383.000000
376.000000
377.000000
383.000000
389.000000
381.000000
380.000000
433.000000
430.000000
388.000000
376.000000
433.000000
432.000000
270.000000
269.000000
274.000000
430.000000
435.000000
383.000000
433.000000
433.000000
437.000000
436.000000
329.000000
327.000000
380.000000
493.000000
487.000000
487.000000
457.000000
484.000000
483.000000
433.000000
432.000000
457.000000
505.000000
378.000000
215.000000
215.000000
215.000000
272.000000
379.000000
379.000000
376.000000
433.000000
437.000000
442.000000
487.000000
484.000000
484.000000
483.000000
483.000000
486.000000
429.000000
433.000000
429.000000
431.000000
436.000000
383.000000
376.000000
489.000000
429.000000
381.000000
383.000000
377.000000
380.000000
442.000000
433.000000
437.000000
439.000000
323.000000
329.000000
324.000000
379.000000
376.000000
433.000000
379.000000
326.000000
325.000000
326.000000
487.000000
483.000000
432.000000
432.000000
429.000000
323.000000
326.000000
325.000000
12320.000000
433.000000
485.000000
376.000000
381.000000
430.000000
381.000000
436.000000
484.000000
429.000000
484.000000
434.000000
433.000000
429.000000
432.000000
386.000000
433.000000
436.000000
430.000000
382.000000
381.000000
536.000000
379.000000
