605.000000
679.000000
676.000000
612.000000
336.000000
396.000000
440.000000
678.000000
651.000000
548.000000
729.000000
726.000000
666.000000
722.000000
560.000000
553.000000
610.000000
613.000000
718.000000
506.000000
729.000000
610.000000
669.000000
685.000000
726.000000
604.000000
555.000000
440.000000
560.000000
550.000000
666.000000
730.000000
771.000000
771.000000
772.000000
564.000000
604.000000
551.000000
501.000000
501.000000
561.000000
550.000000
609.000000
85804.000000
558.000000
604.000000
447.000000
443.000000
490.000000
392.000000
385.000000
388.000000
387.000000
551.000000
617.000000
440.000000
721.000000
773.000000
768.000000
727.000000
719.000000
768.000000
724.000000
548.000000
557.000000
552.000000
599.000000
660.000000
551.000000
611.000000
657.000000
554.000000
789.000000
498.000000
600.000000
604.000000
605.000000
976811.000000
665.000000
660.000000
709.000000
611.000000
607.000000
672.000000
550.000000
604.000000
610.000000
450.000000
443.000000
499.000000
549.000000
512.000000
553.000000
714.000000
608.000000
606.000000
607.000000
661.000000
669.000000
661.000000
720.000000
842.000000
718.000000
762.000000
610.000000
665.000000
716.000000
608.000000
551.000000
500.000000
656.000000
552.000000
549.000000
548.000000
554.000000
509.000000
544.000000
555.000000
664.000000
555.000000
605.000000
620.000000
714.000000
722.000000
559.000000
497.000000
623.000000
549.000000
607.000000
443.000000
443.000000
508.000000
604.000000
76579.000000
558.000000
553.000000
500.000000
500.000000
605.000000
507.000000
604.000000
604.000000
659.000000
605.000000
722.000000
728.000000
726.000000
662.000000
553.000000
667.000000
707.000000
506.000000
667.000000
612.000000
667.000000
669.000000
615.000000
500.000000
554.000000
567.000000
553.000000
550.000000
565.000000
549.000000
769.000000
610.000000
498.000000
704.000000
653.000000
648.000000
627.000000
658.000000
606.000000
833.000000
726.000000
670.000000
625.000000
603.000000
615.000000
664.000000
613.000000
80242.000000
546.000000
513.000000
500.000000
611.000000
601.000000
555.000000
602.000000
660.000000
773.000000
771.000000
782.000000
728.000000
723.000000
548.000000
550.000000
727.000000
712.000000
548.000000
492.000000
609.000000
669.000000
598.000000
599.000000
552.000000
606.000000
546.000000
947.000000
552.000000
605.000000
551.000000
722.000000
558.000000
610.000000
669.000000
608.000000
604.000000
500.000000
500.000000
670.000000
550.000000
560.000000
666.000000
717.000000
674.000000
659.000000
549.000000
722.000000
496.000000
604.000000
555.000000
494.000000
549.000000
442.000000
611.000000
558.000000
717.000000
739.000000
766.000000
662.000000
770.000000
834.000000
667.000000
554.000000
555.000000
496.000000
553.000000
659.000000
772.000000
775.000000
608.000000
497.000000
602.000000
500.000000
453.000000
675.000000
883.000000
718.000000
605.000000
8610.000000
620.000000
660.000000
549.000000
494.000000
396.000000
443.000000
548.000000
558.000000
669.000000
564.000000
552.000000
670.000000
667.000000
825.000000
766.000000
728.000000
605.000000
557.000000
611.000000
443.000000
547.000000
602.000000
509.000000
550.000000
494.000000
666.000000
604.000000
495.000000
448.000000
443.000000
611.000000
661.000000
495.000000
611.000000
829.000000
659.000000
668.000000
712.000000
663.000000
723.000000
659.000000
715.000000
553.000000
604.000000
835.000000
668.000000
667.000000
505.000000
548.000000
599.000000
498.000000
550.000000
614.000000
660.000000
609.000000
729.000000
714.000000
75146.000000
603.000000
495.000000
551.000000
564.000000
552.000000
615.000000
715.000000
76486.000000
614.000000
722.000000
660.000000
620.000000
546.000000
495.000000
555.000000
659.000000
549.000000
499.000000
499.000000
439.000000
620.000000
605.000000
710.000000
711.000000
615.000000
728.000000
551.000000
782.000000
553.000000
556.000000
609.000000
551.000000
500.000000
549.000000
556.000000
606.000000
498.000000
715.000000
601.000000
496.000000
383.000000
383.000000
448.000000
495.000000
549.000000
561.000000
663.000000
725.000000
676.000000
499.000000
550.000000
551.000000
604.000000
719.000000
767.000000
829.000000
822.000000
658.000000
606.000000
611.000000
555.000000
560.000000
720.000000
719.000000
660.000000
716.000000
660.000000
667.000000
616.000000
663.000000
615.000000
608.000000
445.000000
441.000000
494.000000
663.000000
613.000000
617.000000
785.000000
837.000000
776.000000
660.000000
712.000000
391.000000
442.000000
663.000000
609.000000
604.000000
447.000000
548.000000
786.000000
653.000000
663.000000
501.000000
552.000000
665.000000
76926.000000
720.000000
769.000000
730.000000
672.000000
665.000000
659.000000
495.000000
500.000000
450.000000
609.000000
821.000000
670.000000
714.000000
615.000000
660.000000
660.000000
613.000000
664.000000
562.000000
499.000000
499.000000
615.000000
716.000000
722.000000
656.000000
712.000000
547.000000
554.000000
655.000000
659.000000
762.000000
820.000000
553.000000
659.000000
605.000000
610.000000
768.000000
82469.000000
550.000000
620.000000
718.000000
725.000000
672.000000
773.000000
608.000000
502.000000
550.000000
507.000000
611.000000
605.000000
657.000000
603.000000
601.000000
666.000000
659.000000
610.000000
603.000000
657.000000
495.000000
493.000000
548.000000
661.000000
668.000000
670.000000
665.000000
779.000000
778.000000
669.000000
893.000000
604.000000
613.000000
601.000000
555.000000
729.000000
717.000000
613.000000
660.000000
555.000000
813.000000
612.000000
606.000000
654.000000
558.000000
498.000000
498.000000
666.000000
604.000000
84341.000000
554.000000
558.000000
493.000000
550.000000
494.000000
831.000000
774.000000
783.000000
774.000000
606.000000
550.000000
619.000000
601.000000
550.000000
500.000000
777.000000
722.000000
665.000000
609.000000
660.000000
555.000000
605.000000
550.000000
495.000000
556.000000
602.000000
718.000000
822.000000
722.000000
496.000000
662.000000
656.000000
549.000000
605.000000
714.000000
716.000000
763.000000
825.000000
765.000000
723.000000
673.000000
672.000000
605.000000
550.000000
606.000000
613.000000
613.000000
874.000000
714.000000
607.000000
546.000000
610.000000
608.000000
619.000000
712.000000
889.000000
820.000000
553.000000
554.000000
605.000000
556.000000
663.000000
603.000000
604.000000
613.000000
495.000000
724.000000
665.000000
666.000000
709.000000
651.000000
680.000000
712.000000
440.000000
386.000000
494.000000
727.000000
717.000000
667.000000
557.000000
555.000000
555.000000
555.000000
518.000000
555.000000
616.000000
611.000000
666.000000
605.000000
494.000000
599.000000
504.000000
493.000000
445.000000
494.000000
494.000000
496.000000
606.000000
549.000000
502.000000
499.000000
555.000000
444.000000
658.000000
549.000000
662.000000
552.000000
498.000000
494.000000
548.000000
607.000000
77536.000000
557.000000
606.000000
567.000000
609.000000
724.000000
606.000000
554.000000
659.000000
663.000000
546.000000
606.000000
666.000000
614.000000
612.000000
606.000000
611.000000
605.000000
494.000000
439.000000
92291.000000
559.000000
715.000000
829.000000
878.000000
848.000000
550.000000
551.000000
550.000000
551.000000
562.000000
495.000000
552.000000
503.000000
663.000000
958886.000000
721.000000
773.000000
663.000000
658.000000
505.000000
549.000000
496.000000
503.000000
438.000000
547.000000
512.000000
561.000000
665.000000
657.000000
504.000000
621.000000
613.000000
495.000000
548.000000
496.000000
845.000000
556.000000
607.000000
615.000000
495.000000
548.000000
551.000000
670.000000
777.000000
769.000000
615.000000
705.000000
666.000000
612.000000
552.000000
653.000000
669.000000
606.000000
671.000000
80303.000000
550.000000
561.000000
666.000000
576.000000
512.000000
603.000000
554.000000
497.000000
609.000000
79894.000000
623.000000
604.000000
660.000000
762.000000
606.000000
507.000000
664.000000
659.000000
616.000000
612.000000
598.000000
495.000000
717.000000
614.000000
712.000000
668.000000
608.000000
716.000000
830.000000
879.000000
609.000000
719.000000
625.000000
444.000000
438.000000
443.000000
387.000000
714.000000
673.000000
658.000000
515.000000
608.000000
790.000000
722.000000
606.000000
653.000000
391.000000
386.000000
385.000000
660.000000
664.000000
663.000000
616.000000
611.000000
607.000000
616.000000
500.000000
508.000000
546.000000
549.000000
661.000000
603.000000
720.000000
605.000000
555.000000
711.000000
663.000000
551.000000
609.000000
553.000000
605.000000
500.000000
614.000000
565.000000
613.000000
554.000000
444.000000
441.000000
80678.000000
495.000000
439.000000
503.000000
668.000000
720.000000
664.000000
613.000000
562.000000
613.000000
554.000000
599.000000
611.000000
665.000000
712.000000
495.000000
505.000000
552.000000
709.000000
663.000000
555.000000
604.000000
610.000000
492.000000
503.000000
496.000000
558.000000
607.000000
546.000000
552.000000
730.000000
770.000000
763.000000
719.000000
76742.000000
603.000000
554.000000
498.000000
443.000000
438.000000
555.000000
448.000000
504.000000
498.000000
720.000000
657.000000
449.000000
446.000000
671.000000
664.000000
610.000000
776.000000
719.000000
672.000000
660.000000
554.000000
549.000000
608.000000
706.000000
667.000000
559.000000
609.000000
604.000000
711.000000
604.000000
781.000000
763.000000
609.000000
551.000000
605.000000
550.000000
557.000000
611.000000
553.000000
666.000000
607.000000
610.000000
659.000000
667.000000
722.000000
716.000000
719.000000
659.000000
712.000000
665.000000
712.000000
652.000000
710.000000
613.000000
555.000000
553.000000
720.000000
770.000000
501.000000
557.000000
664.000000
603.000000
602.000000
558.000000
557.000000
660.000000
720.000000
76094.000000
614.000000
607.000000
556.000000
550.000000
671.000000
770.000000
664.000000
602.000000
664.000000
664.000000
621.000000
601.000000
555.000000
554.000000
549.000000
773.000000
617.000000
788.000000
650.000000
557.000000
500.000000
715.000000
673.000000
665.000000
672.000000
718.000000
611.000000
612.000000
609.000000
714.000000
716.000000
613.000000
550.000000
503.000000
726.000000
499.000000
550.000000
664.000000
495.000000
771.000000
607.000000
659.000000
665.000000
609.000000
494.000000
545.000000
708.000000
559.000000
555.000000
601.000000
548.000000
558.000000
558.000000
493.000000
650.000000
613.000000
656.000000
713.000000
773.000000
707.000000
552.000000
552.000000
556.000000
660.000000
665.000000
76500.000000
667.000000
606.000000
548.000000
444.000000
495.000000
493.000000
500.000000
502.000000
548.000000
609.000000
674.000000
732.000000
773.000000
617.000000
555.000000
609.000000
614.000000
660.000000
492.000000
608.000000
618.000000
659.000000
775.000000
670.000000
721.000000
383.000000
495.000000
548.000000
732.000000
611.000000
549.000000
661.000000
668.000000
607.000000
652.000000
668.000000
672.000000
723.000000
503.000000
556.000000
608.000000
770.000000
772.000000
501.000000
775.000000
988.000000
394.000000
390.000000
384.000000
508.000000
501.000000
654.000000
548.000000
507.000000
608.000000
604.000000
610.000000
783.000000
611.000000
603.000000
664.000000
717.000000
670.000000
661.000000
560.000000
495.000000
610.000000
662.000000
554.000000
555.000000
504.000000
494.000000
501.000000
777.000000
776.000000
764.000000
659.000000
608.000000
610.000000
610.000000
559.000000
718.000000
715.000000
771.000000
848.000000
613.000000
555.000000
548.000000
440.000000
609.000000
559.000000
655.000000
604.000000
766.000000
666.000000
612.000000
663.000000
610.000000
551.000000
490.000000
548.000000
656.000000
719.000000
661.000000
724.000000
76432.000000
780.000000
770.000000
884.000000
715.000000
604.000000
605.000000
602.000000
721.000000
674.000000
712.000000
1007.000000
549.000000
660.000000
661.000000
667.000000
552.000000
621.000000
723.000000
561.000000
557.000000
706.000000
561.000000
551.000000
557.000000
609.000000
615.000000
614.000000
557.000000
440.000000
550.000000
549.000000
605.000000
778.000000
788.000000
780.000000
667.000000
955254.000000
880.000000
768.000000
768.000000
824.000000
710.000000
664.000000
655.000000
603.000000
439.000000
714.000000
73163.000000
716.000000
550.000000
669.000000
540.000000
443.000000
489.000000
442.000000
444.000000
504.000000
551.000000
495.000000
499.000000
444.000000
497.000000
494.000000
681.000000
619.000000
559.000000
444.000000
655.000000
556.000000
673.000000
600.000000
659.000000
607.000000
78359.000000
605.000000
494.000000
500.000000
673.000000
664.000000
497.000000
544.000000
548.000000
551.000000
610.000000
602.000000
665.000000
667.000000
666.000000
769.000000
496.000000
559.000000
551.000000
773.000000
607.000000
659.000000
665.000000
774.000000
719.000000
608.000000
612.000000
770.000000
665.000000
609.000000
658.000000
544.000000
492.000000
497.000000
555.000000
544.000000
604.000000
776.000000
714.000000
716.000000
600.000000
389.000000
386.000000
603.000000
560.000000
498.000000
502.000000
439.000000
607.000000
562.000000
836.000000
670.000000
614.000000
83083.000000
606.000000
675.000000
613.000000
494.000000
656.000000
671.000000
732.000000
672.000000
672.000000
557.000000
665.000000
616.000000
549.000000
504.000000
494.000000
552.000000
603.000000
549.000000
559.000000
669.000000
763.000000
551.000000
546.000000
551.000000
550.000000
771.000000
717.000000
676.000000
727.000000
824.000000
659.000000
611.000000
662.000000
672.000000
610.000000
659.000000
616.000000
603.000000
551.000000
388.000000
392.000000
439.000000
552.000000
676.000000
663.000000
658.000000
549.000000
714.000000
770.000000
496.000000
613.000000
677.000000
625.000000
615.000000
449.000000
606.000000
664.000000
654.000000
618.000000
609.000000
498.000000
388.000000
494.000000
449.000000
502.000000
600.000000
872.000000
716.000000
726.000000
678.000000
670.000000
604.000000
609.000000
604.000000
555.000000
443.000000
444.000000
660.000000
663.000000
660.000000
552.000000
602.000000
605.000000
669.000000
607.000000
717.000000
611.000000
605.000000
656.000000
553.000000
554.000000
553.000000
614.000000
561.000000
555.000000
561.000000
723.000000
662.000000
830.000000
669.000000
493.000000
549.000000
606.000000
607.000000
606.000000
604.000000
723.000000
770.000000
659.000000
501.000000
612.000000
611.000000
775.000000
608.000000
765.000000
668.000000
611.000000
614.000000
770.000000
828.000000
659.000000
664.000000
714.000000
714.000000
713.000000
724.000000
659.000000
608.000000
551.000000
714.000000
545.000000
493.000000
553.000000
551.000000
629.000000
727.000000
769.000000
761.000000
664.000000
504.000000
494.000000
441.000000
438.000000
550.000000
445.000000
601.000000
501.000000
661.000000
661.000000
724.000000
660.000000
547.000000
497.000000
653.000000
559.000000
548.000000
558.000000
557.000000
726.000000
767.000000
821.000000
726.000000
658.000000
724.000000
714.000000
886.000000
618.000000
663.000000
659.000000
612.000000
548.000000
604.000000
561.000000
498.000000
568.000000
499.000000
438.000000
608.000000
500.000000
503.000000
555.000000
734.000000
661.000000
611.000000
655.000000
668.000000
549.000000
554.000000
549.000000
503.000000
656.000000
555.000000
550.000000
715.000000
710.000000
837.000000
556.000000
555.000000
494.000000
567.000000
709.000000
609.000000
657.000000
670.000000
721.000000
679.000000
721.000000
603.000000
624.000000
725.000000
659.000000
675.000000
661.000000
610.000000
663.000000
711.000000
713.000000
548.000000
545.000000
446.000000
725.000000
714.000000
618.000000
655.000000
560.000000
927.000000
773.000000
730.000000
556.000000
608.000000
548.000000
609.000000
626.000000
551.000000
493.000000
72593.000000
983.000000
498.000000
493.000000
655.000000
608.000000
609.000000
551.000000
548.000000
662.000000
606.000000
558.000000
567.000000
709.000000
673.000000
872.000000
826.000000
773.000000
677.000000
816.000000
497.000000
719.000000
719.000000
669.000000
554.000000
560.000000
655.000000
608.000000
707.000000
560.000000
882.000000
714.000000
723.000000
885.000000
763.000000
767.000000
825.000000
661.000000
605.000000
618.000000
666.000000
665.000000
617.000000
611.000000
723.000000
712.000000
549.000000
553.000000
548.000000
605.000000
655.000000
552.000000
618.000000
614.000000
607.000000
659.000000
659.000000
615.000000
552.000000
554.000000
620.000000
554.000000
503.000000
498.000000
558.000000
601.000000
557.000000
719.000000
654.000000
548.000000
552.000000
546.000000
607.000000
599.000000
778.000000
550.000000
661.000000
674.000000
605.000000
712.000000
663.000000
769.000000
661.000000
659.000000
501.000000
438.000000
454.000000
561.000000
870.000000
840.000000
987.000000
824.000000
722.000000
495.000000
493.000000
441.000000
92650.000000
719.000000
611.000000
510.000000
602.000000
659.000000
662.000000
670.000000
1184.000000
549.000000
566.000000
776.000000
493.000000
501.000000
84764.000000
661.000000
722.000000
604.000000
659.000000
78943.000000
608.000000
727.000000
718.000000
560.000000
778.000000
666.000000
553.000000
822.000000
717.000000
731.000000
505.000000
559.000000
602.000000
86112.000000
659.000000
551.000000
664.000000
656.000000
772.000000
559.000000
607.000000
74426.000000
661.000000
718.000000
768.000000
602.000000
823.000000
671.000000
564.000000
556.000000
772.000000
766.000000
607.000000
712.000000
713.000000
764.000000
837.000000
493.000000
494.000000
511.000000
547.000000
555.000000
547.000000
771.000000
715.000000
493.000000
779.000000
667.000000
615.000000
607.000000
604.000000
608.000000
558.000000
717.000000
710.000000
607.000000
603.000000
608.000000
658.000000
664.000000
609.000000
495.000000
609.000000
777.000000
664.000000
776.000000
719.000000
669.000000
661.000000
718.000000
673.000000
610.000000
553.000000
547.000000
601.000000
979.000000
659.000000
548.000000
442.000000
331.000000
765.000000
672.000000
552.000000
551.000000
549.000000
671.000000
769.000000
669.000000
901.000000
616.000000
607.000000
555.000000
790.000000
712.000000
608.000000
671.000000
604.000000
560.000000
653.000000
599.000000
548.000000
729.000000
724.000000
891.000000
556.000000
569.000000
667.000000
549.000000
563.000000
772.000000
613.000000
620.000000
440.000000
387.000000
667.000000
604.000000
501.000000
546.000000
501.000000
715.000000
76229.000000
610.000000
498.000000
658.000000
620.000000
548.000000
609.000000
608.000000
611.000000
775.000000
716.000000
614.000000
389.000000
506.000000
61146.000000
768.000000
600.000000
438.000000
554.000000
511.000000
876.000000
718.000000
715.000000
605.000000
724.000000
609.000000
670.000000
714.000000
721.000000
553.000000
659.000000
509.000000
504.000000
770.000000
719.000000
659.000000
779.000000
824.000000
608.000000
722.000000
827.000000
728.000000
667.000000
606.000000
602.000000
614.000000
664.000000
440.000000
553.000000
609.000000
610.000000
505.000000
680.000000
830.000000
728.000000
778.000000
509.000000
608.000000
601.000000
673.000000
759.000000
666.000000
606.000000
604.000000
559.000000
551.000000
550.000000
605.000000
649.000000
496.000000
721.000000
826.000000
780.000000
706.000000
656.000000
552.000000
617.000000
614.000000
780.000000
603.000000
598.000000
496.000000
609.000000
72562.000000
668.000000
613.000000
558.000000
664.000000
614.000000
667.000000
658.000000
603.000000
603.000000
612.000000
549.000000
445.000000
610.000000
607.000000
615.000000
671.000000
662.000000
665.000000
613.000000
660.000000
782.000000
548.000000
613.000000
610.000000
624.000000
554.000000
829.000000
440.000000
556.000000
552.000000
549.000000
494.000000
707.000000
660.000000
77480.000000
652.000000
615.000000
661.000000
728.000000
659.000000
826.000000
496.000000
549.000000
564.000000
719.000000
665.000000
778.000000
611.000000
674.000000
615.000000
602.000000
608.000000
833.000000
614.000000
547.000000
661.000000
727.000000
720.000000
772.000000
815.000000
549.000000
730.000000
555.000000
651.000000
548.000000
672.000000
615.000000
720.000000
675.000000
549.000000
548.000000
614.000000
549.000000
553.000000
776.000000
661.000000
713.000000
727.000000
737.000000
729.000000
655.000000
614.000000
556.000000
771.000000
723.000000
565.000000
495.000000
451.000000
501.000000
607.000000
549.000000
550.000000
770.000000
656.000000
835.000000
878.000000
715.000000
610.000000
725.000000
556.000000
713.000000
940.000000
663.000000
442.000000
546.000000
562.000000
449.000000
553.000000
608.000000
667.000000
725.000000
781.000000
719.000000
776.000000
608.000000
659.000000
548.000000
551.000000
599.000000
602.000000
598.000000
449.000000
555.000000
497.000000
493.000000
87954.000000
609.000000
722.000000
774.000000
724.000000
604.000000
618.000000
555.000000
600.000000
608.000000
604.000000
553.000000
499.000000
604.000000
604.000000
669.000000
657.000000
604.000000
557.000000
557.000000
606.000000
550.000000
667.000000
726.000000
823.000000
988.000000
833.000000
829.000000
834.000000
886.000000
598.000000
494.000000
438.000000
445.000000
605.000000
444.000000
673.000000
664.000000
659.000000
610.000000
494.000000
673.000000
618.000000
671.000000
600.000000
656.000000
608.000000
549.000000
770.000000
566.000000
493.000000
494.000000
444.000000
501.000000
558.000000
659.000000
931.000000
789.000000
731.000000
776.000000
774.000000
667.000000
546.000000
441.000000
716.000000
713.000000
605.000000
609.000000
661.000000
673.000000
660.000000
549.000000
548.000000
554.000000
569.000000
717.000000
637.000000
554.000000
720.000000
778.000000
722.000000
662.000000
609.000000
615.000000
550.000000
499.000000
614.000000
847.000000
775.000000
665.000000
564.000000
665.000000
727.000000
780.000000
623.000000
609.000000
660.000000
775.000000
605.000000
670.000000
714.000000
884.000000
63980.000000
782.000000
660.000000
660.000000
829.000000
770.000000
549.000000
495.000000
506.000000
550.000000
550.000000
714.000000
658.000000
607.000000
836.000000
834.000000
725.000000
714.000000
727.000000
604.000000
606.000000
498.000000
493.000000
612.000000
717.000000
608.000000
83345.000000
660.000000
666.000000
88522.000000
604.000000
558.000000
606.000000
660.000000
988.000000
501.000000
554.000000
615.000000
505.000000
611.000000
611.000000
75566.000000
74833.000000
602.000000
608.000000
498.000000
672.000000
777.000000
657.000000
759.000000
717.000000
768.000000
769.000000
615.000000
666.000000
605.000000
769.000000
663.000000
503.000000
664.000000
615.000000
713.000000
555.000000
548.000000
773.000000
728.000000
722.000000
771.000000
777.000000
828.000000
623.000000
659.000000
828.000000
831.000000
840.000000
829.000000
664.000000
444.000000
493.000000
555.000000
718.000000
827.000000
665.000000
605.000000
660.000000
658.000000
662.000000
719.000000
709.000000
708.000000
706.000000
781.000000
617.000000
605.000000
667.000000
661.000000
496.000000
494.000000
438.000000
726.000000
816.000000
705.000000
651.000000
773.000000
835.000000
894.000000
609.000000
604.000000
554.000000
505.000000
663.000000
495.000000
60759.000000
710.000000
663.000000
617.000000
838.000000
559.000000
668.000000
608.000000
554.000000
549.000000
657.000000
503.000000
558.000000
723.000000
821.000000
821.000000
602.000000
721.000000
656.000000
656.000000
391.000000
619.000000
550.000000
672.000000
660.000000
612.000000
604.000000
661.000000
553.000000
548.000000
549.000000
602.000000
655.000000
785.000000
722.000000
672.000000
720.000000
663.000000
665.000000
82532.000000
614.000000
560.000000
606.000000
664.000000
610.000000
658.000000
604.000000
722.000000
680.000000
718.000000
682.000000
552.000000
655.000000
495.000000
556.000000
547.000000
667.000000
781.000000
664.000000
600.000000
660.000000
613.000000
673.000000
552.000000
713.000000
653.000000
604.000000
556.000000
391.000000
717.000000
783.000000
713.000000
604.000000
611.000000
615.000000
764.000000
606.000000
618.000000
672.000000
613.000000
610.000000
610.000000
606.000000
600.000000
721.000000
550.000000
546.000000
494.000000
497.000000
663.000000
556.000000
558.000000
493.000000
550.000000
829.000000
562.000000
615.000000
508.000000
497.000000
494.000000
600.000000
505.000000
500.000000
963235.000000
663.000000
604.000000
494.000000
440.000000
492.000000
445.000000
610.000000
823.000000
714.000000
834.000000
772.000000
727.000000
656.000000
662.000000
499.000000
832.000000
716.000000
720.000000
661.000000
709.000000
602.000000
610.000000
559.000000
499.000000
607.000000
557.000000
548.000000
443.000000
499.000000
493.000000
493.000000
554.000000
660.000000
601.000000
718.000000
781.000000
612.000000
620.000000
452.000000
440.000000
817.000000
728.000000
774.000000
853.000000
778.000000
779.000000
713.000000
668.000000
776.000000
992010.000000
554.000000
710.000000
660.000000
604.000000
624.000000
717.000000
663.000000
496.000000
447.000000
499.000000
553.000000
553.000000
554.000000
74984.000000
829.000000
672.000000
777.000000
610.000000
724.000000
655.000000
661.000000
664.000000
608.000000
547.000000
608.000000
1156.000000
845.000000
667.000000
830.000000
773.000000
871.000000
614.000000
608.000000
554.000000
494.000000
388.000000
608.000000
609.000000
551.000000
655.000000
614.000000
897.000000
1014.000000
715.000000
551.000000
495.000000
556.000000
830.000000
826.000000
769.000000
611.000000
553.000000
544.000000
494.000000
609.000000
829.000000
719.000000
614.000000
552.000000
711.000000
605.000000
664.000000
829.000000
713.000000
668.000000
609.000000
656.000000
775.000000
771.000000
663.000000
662.000000
604.000000
495.000000
563.000000
662.000000
727.000000
555.000000
719.000000
769.000000
606.000000
718.000000
660.000000
612.000000
618.000000
670.000000
562.000000
606.000000
565.000000
493.000000
667.000000
659.000000
605.000000
607.000000
662.000000
556.000000
567.000000
614.000000
556.000000
816.000000
720.000000
776.000000
668.000000
780.000000
670.000000
554.000000
548.000000
569.000000
608.000000
773.000000
774.000000
771.000000
663.000000
714.000000
664.000000
660.000000
550.000000
600.000000
721.000000
657.000000
603.000000
761.000000
652.000000
609.000000
604.000000
550.000000
550.000000
779.000000
668.000000
604.000000
717.000000
883.000000
834.000000
667.000000
605.000000
658.000000
500.000000
494.000000
661.000000
609.000000
663.000000
985.000000
780.000000
611.000000
554.000000
663.000000
610.000000
496.000000
671.000000
658.000000
771.000000
606.000000
729.000000
718.000000
548.000000
548.000000
604.000000
548.000000
552.000000
553.000000
732.000000
728.000000
824.000000
822.000000
717.000000
770.000000
774.000000
824.000000
713.000000
658.000000
780.000000
768.000000
657.000000
657.000000
680.000000
598.000000
601.000000
661.000000
717.000000
718.000000
668.000000
660.000000
667.000000
662.000000
659.000000
717.000000
669.000000
723.000000
777.000000
720.000000
716.000000
712.000000
768.000000
611.000000
553.000000
555.000000
652.000000
548.000000
666.000000
663.000000
662.000000
605.000000
605.000000
666.000000
656.000000
765.000000
731.000000
667.000000
603.000000
610.000000
778.000000
719.000000
711.000000
717.000000
666.000000
665.000000
767.000000
661.000000
664.000000
665.000000
554.000000
687.000000
661.000000
717.000000
786.000000
767.000000
670.000000
667.000000
659.000000
666.000000
550.000000
828.000000
782.000000
884.000000
717.000000
605.000000
729.000000
668.000000
780.000000
720.000000
656.000000
665.000000
935.000000
768.000000
491.000000
602.000000
606.000000
720.000000
621.000000
611.000000
602.000000
719.000000
553.000000
711.000000
713.000000
719.000000
773.000000
765.000000
775.000000
767.000000
662.000000
607.000000
607.000000
664.000000
601.000000
614.000000
730.000000
658.000000
658.000000
666.000000
658.000000
602.000000
660.000000
664.000000
611.000000
600.000000
665.000000
553.000000
50058.000000
553.000000
494.000000
498.000000
604.000000
763.000000
714.000000
827.000000
877.000000
717.000000
652.000000
654.000000
677.000000
669.000000
665.000000
598.000000
557.000000
549.000000
547.000000
606.000000
552.000000
49502.000000
668.000000
606.000000
602.000000
601.000000
657.000000
666.000000
553.000000
605.000000
607.000000
604.000000
655.000000
719.000000
780.000000
884.000000
492.000000
439.000000
438.000000
664.000000
667.000000
602.000000
604.000000
601.000000
714.000000
669.000000
715.000000
611.000000
665.000000
681.000000
771.000000
724.000000
722.000000
659.000000
663.000000
658.000000
713.000000
765.000000
657.000000
613.000000
776.000000
868.000000
771.000000
712.000000
826.000000
725.000000
774.000000
768.000000
879.000000
782.000000
717.000000
659.000000
605.000000
562.000000
610.000000
553.000000
603.000000
657.000000
714.000000
603.000000
551.000000
663.000000
711.000000
613.000000
709.000000
660.000000
775.000000
822.000000
502.000000
494.000000
495.000000
498.000000
667.000000
662.000000
494.000000
601.000000
772.000000
765.000000
551.000000
55978.000000
658.000000
661.000000
822.000000
777.000000
835.000000
823.000000
497.000000
653.000000
658.000000
711.000000
553.000000
721.000000
722.000000
727.000000
654.000000
666.000000
662.000000
500.000000
600.000000
825.000000
672.000000
542.000000
565.000000
657.000000
713.000000
703765.000000
985.000000
883.000000
818.000000
827.000000
664.000000
607.000000
711.000000
715.000000
606.000000
612.000000
32948.000000
828.000000
777.000000
604.000000
491.000000
548.000000
610.000000
605.000000
499.000000
662.000000
720.000000
768.000000
721.000000
619.000000
662.000000
767.000000
783.000000
821.000000
664.000000
607.000000
770.000000
607.000000
660.000000
447.000000
658.000000
660.000000
653.000000
655.000000
438.000000
443.000000
55196.000000
668.000000
661.000000
709.000000
494.000000
552.000000
549.000000
829.000000
828.000000
814.000000
606.000000
607.000000
552.000000
552.000000
667.000000
1086.000000
928.000000
829.000000
786.000000
783.000000
837.000000
1008.000000
678.000000
609.000000
667.000000
44541.000000
550.000000
602.000000
439.000000
890.000000
838.000000
879.000000
775.000000
494.000000
504.000000
774.000000
768.000000
710.000000
658.000000
665.000000
662.000000
720.000000
608.000000
608.000000
505.000000
552.000000
495.000000
490.000000
605.000000
605.000000
607.000000
665.000000
832.000000
1116.000000
877.000000
439.000000
392.000000
502.000000
500.000000
885.000000
941.000000
821.000000
823.000000
831.000000
879.000000
710.000000
787.000000
871.000000
796.000000
716.000000
622.000000
545.000000
559.000000
504.000000
606.000000
655.000000
716.000000
705.000000
604.000000
556.000000
675.000000
714.000000
52842.000000
659.000000
440.000000
559.000000
547.000000
667.000000
591.000000
710.000000
724.000000
450.000000
667.000000
718.000000
605.000000
605.000000
657.000000
605.000000
545.000000
492.000000
656.000000
604.000000
823.000000
1049.000000
832.000000
939.000000
771.000000
547.000000
506.000000
493.000000
869.000000
768.000000
714.000000
608.000000
659.000000
724.000000
716.000000
822.000000
769.000000
827.000000
821.000000
771.000000
605.000000
606.000000
605.000000
494.000000
502.000000
496.000000
665.000000
505.000000
497.000000
556.000000
781.000000
826.000000
891.000000
893.000000
834.000000
735387.000000
666.000000
669.000000
850.000000
884.000000
710.000000
544.000000
615.000000
564.000000
665.000000
714.000000
866.000000
731.000000
770.000000
719.000000
670.000000
659.000000
53643.000000
656.000000
651.000000
607.000000
602.000000
662.000000
608.000000
605.000000
673.000000
657.000000
555.000000
547.000000
551.000000
1000.000000
766.000000
611.000000
665.000000
719.000000
773.000000
783.000000
718.000000
713.000000
663.000000
665.000000
665.000000
666.000000
717.000000
658.000000
723.000000
608.000000
656.000000
722.000000
612.000000
665.000000
666.000000
634.000000
549.000000
498.000000
548.000000
616.000000
550.000000
494.000000
773.000000
550.000000
604.000000
659.000000
823.000000
713.000000
782.000000
672.000000
728.000000
659.000000
666.000000
666.000000
769.000000
610.000000
609.000000
669.000000
772.000000
826.000000
719.000000
711.000000
717.000000
611.000000
554.000000
547.000000
829.000000
828.000000
826.000000
664.000000
56312.000000
811.000000
616.000000
607.000000
664.000000
56622.000000
706.000000
603.000000
510.000000
758.000000
497.000000
438.000000
498.000000
494.000000
494.000000
496.000000
449.000000
993.000000
768.000000
606.000000
550.000000
553.000000
552.000000
611.000000
604.000000
441.000000
548.000000
604.000000
604.000000
777.000000
869.000000
553.000000
549.000000
492.000000
607.000000
613.000000
721.000000
439.000000
602.000000
1043.000000
555.000000
600.000000
47945.000000
451.000000
441.000000
608.000000
610.000000
670.000000
928.000000
494.000000
605.000000
609.000000
774.000000
615.000000
607.000000
493.000000
673.000000
661.000000
719.000000
662.000000
658.000000
599.000000
560.000000
668.000000
603.000000
889.000000
658.000000
663.000000
607.000000
603.000000
612.000000
547.000000
554.000000
712.000000
710.000000
549.000000
656.000000
551.000000
603.000000
660.000000
612.000000
666.000000
819.000000
787.000000
550.000000
710.000000
769.000000
664.000000
766.000000
612.000000
680.000000
714.000000
719.000000
768.000000
667.000000
723.000000
778.000000
875.000000
664.000000
665.000000
559.000000
685.000000
659.000000
715.000000
723.000000
718.000000
714.000000
549.000000
603.000000
552.000000
565.000000
615.000000
821.000000
661.000000
664.000000
613.000000
610.000000
607.000000
553.000000
45451.000000
615.000000
554.000000
715.000000
709.000000
609.000000
612.000000
557.000000
610.000000
662.000000
819.000000
708.000000
552.000000
601.000000
551.000000
658.000000
603.000000
708.000000
554.000000
509.000000
558.000000
657.000000
605.000000
605.000000
716.000000
614.000000
625.000000
610.000000
660.000000
493.000000
602.000000
602.000000
601.000000
772.000000
657.000000
878.000000
620.000000
663.000000
493.000000
658.000000
777.000000
603.000000
659.000000
615.000000
551.000000
603.000000
719.000000
608.000000
662.000000
668.000000
712.000000
862.000000
670.000000
782.000000
778.000000
828.000000
707.000000
731.000000
673.000000
608.000000
608.000000
656.000000
718.000000
818.000000
827.000000
609.000000
715.000000
549.000000
613.000000
713.000000
610.000000
885.000000
714.000000
710.000000
785.000000
880.000000
775.000000
986.000000
606.000000
609.000000
942.000000
722.000000
548.000000
606.000000
673.000000
606.000000
336.000000
382.000000
72716.000000
500.000000
720.000000
725.000000
717.000000
877.000000
834.000000
776.000000
712.000000
716.000000
714.000000
656.000000
550.000000
663.000000
605.000000
728.000000
664.000000
666.000000
827.000000
828.000000
875.000000
710.000000
716.000000
711.000000
717.000000
831.000000
774.000000
710.000000
882.000000
438.000000
544.000000
493.000000
603.000000
887.000000
888.000000
609.000000
656.000000
607.000000
438.000000
602.000000
554.000000
438.000000
601.000000
773.000000
941.000000
955.000000
883.000000
824.000000
493.000000
610.000000
605.000000
612.000000
617.000000
608.000000
657.000000
780.000000
605.000000
560.000000
654.000000
614.000000
867.000000
607.000000
609.000000
559.000000
506.000000
663.000000
602.000000
443.000000
548.000000
609.000000
606.000000
499.000000
495.000000
500.000000
602.000000
544.000000
600.000000
54942.000000
667.000000
604.000000
662.000000
775.000000
783.000000
776.000000
613.000000
604.000000
558.000000
899.000000
827.000000
505.000000
604.000000
663.000000
610.000000
725.000000
663.000000
675.000000
735.000000
658.000000
724.000000
709.000000
711.000000
837.000000
831.000000
871.000000
866.000000
719.000000
828.000000
884.000000
783.000000
557.000000
552.000000
498.000000
549.000000
835.000000
772.000000
38776.000000
710.000000
604.000000
547.000000
547.000000
555.000000
550.000000
551.000000
683.000000
555.000000
718.000000
52350.000000
781.000000
898.000000
764.000000
768.000000
661.000000
657.000000
715.000000
659.000000
723.000000
663.000000
775.000000
677.000000
718.000000
666.000000
656.000000
511.000000
562.000000
608.000000
612.000000
610.000000
608.000000
444.000000
549.000000
550.000000
555.000000
607.000000
560.000000
545.000000
507.000000
671.000000
772.000000
778.000000
932.000000
714.000000
829.000000
878.000000
769.000000
879.000000
819.000000
773.000000
674.000000
829.000000
882.000000
770.000000
771.000000
654.000000
777.000000
607.000000
659.000000
655.000000
717.000000
775.000000
50286.000000
713.000000
822.000000
776.000000
605.000000
662.000000
985.000000
761.000000
763.000000
668.000000
500.000000
557.000000
59296.000000
716.000000
773.000000
614.000000
602.000000
822.000000
608.000000
499.000000
557.000000
722.000000
491.000000
498.000000
596.000000
662.000000
599.000000
550.000000
888.000000
891.000000
777.000000
497.000000
491.000000
612.000000
658.000000
716.000000
663.000000
661.000000
661.000000
605.000000
932.000000
658.000000
672.000000
670.000000
799331.000000
668.000000
554.000000
662.000000
767230.000000
608.000000
442.000000
931.000000
671.000000
730.000000
615.000000
758.000000
604.000000
615.000000
613.000000
503.000000
499.000000
761.000000
666.000000
614.000000
492.000000
547.000000
447.000000
663.000000
547.000000
602.000000
887.000000
602.000000
551.000000
619.000000
604.000000
549.000000
726.000000
56424.000000
656.000000
945.000000
894.000000
600.000000
605.000000
603.000000
549.000000
599.000000
501.000000
494.000000
612.000000
928.000000
620.000000
716.000000
603.000000
878.000000
765.000000
830.000000
835.000000
934.000000
770.000000
719.000000
774.000000
782.000000
783.000000
767.000000
712.000000
604.000000
621.000000
604.000000
551.000000
602.000000
653.000000
602.000000
664.000000
661.000000
659.000000
773.000000
939.000000
986.000000
933.000000
710.000000
613.000000
665.000000
657.000000
659.000000
767.000000
773.000000
712.000000
666.000000
669.000000
511.000000
494.000000
551.000000
551.000000
559.000000
658.000000
657.000000
670.000000
822.000000
715.000000
674.000000
667.000000
614.000000
875.000000
827.000000
662.000000
604.000000
610.000000
605.000000
560.000000
662.000000
566.000000
832.000000
610.000000
661.000000
765.000000
774.000000
33057.000000
724.000000
765.000000
835.000000
776.000000
849.000000
549.000000
762.000000
610.000000
554.000000
569.000000
553.000000
610.000000
615.000000
659.000000
619.000000
549.000000
611.000000
822.000000
828.000000
719.000000
779.000000
607.000000
717.000000
661.000000
547.000000
548.000000
604.000000
609.000000
665.000000
723.000000
819.000000
773.000000
716.000000
715.000000
665.000000
660.000000
838.000000
777.000000
675.000000
667.000000
815.000000
660.000000
612.000000
607.000000
729.000000
887.000000
605.000000
675.000000
663.000000
671.000000
732.000000
556.000000
552.000000
550.000000
712.000000
778.000000
771.000000
732.000000
827.000000
668.000000
665.000000
722.000000
661.000000
719.000000
832.000000
829.000000
768.000000
1037.000000
780.000000
770.000000
598.000000
556.000000
551.000000
767.000000
772.000000
718.000000
721.000000
716.000000
609.000000
599.000000
567.000000
605.000000
601.000000
608.000000
604.000000
829.000000
773.000000
825.000000
782.000000
724.000000
870.000000
724.000000
730.000000
765.000000
771.000000
550.000000
663.000000
728.000000
3598.000000
884.000000
831.000000
823.000000
887.000000
876.000000
827.000000
880.000000
882.000000
714.000000
766.000000
669.000000
663.000000
661.000000
555.000000
552.000000
502.000000
497.000000
716.000000
773.000000
821.000000
731.000000
771.000000
715.000000
773.000000
609.000000
607.000000
783.000000
600.000000
659.000000
604.000000
780.000000
604.000000
721.000000
655.000000
615.000000
719.000000
499.000000
499.000000
784.000000
933.000000
774.000000
878.000000
720.000000
771.000000
547.000000
714.000000
887.000000
950.000000
932.000000
833.000000
770.000000
771.000000
830.000000
770.000000
714.000000
605.000000
612.000000
613.000000
830.000000
769.000000
672.000000
655.000000
552.000000
662.000000
766.000000
771.000000
447.000000
487.000000
630.000000
667.000000
497.000000
838.000000
823.000000
776.000000
827.000000
837.000000
764.000000
885.000000
841.000000
664.000000
387.000000
542.000000
714.000000
1040.000000
548.000000
603.000000
780.000000
768.000000
711.000000
663.000000
495.000000
506.000000
615.000000
609.000000
744.000000
604.000000
714.000000
550.000000
554.000000
726.000000
787.000000
717.000000
719.000000
734.000000
719.000000
718.000000
765.000000
711.000000
598.000000
600.000000
572.000000
553.000000
703.000000
934.000000
937.000000
880.000000
772.000000
606.000000
668.000000
708.000000
614.000000
607.000000
664.000000
552.000000
552.000000
943.000000
881.000000
876.000000
875.000000
439.000000
820.000000
608.000000
784.000000
657.000000
664.000000
713.000000
823.000000
939.000000
833.000000
827.000000
714.000000
722.000000
599.000000
554.000000
721.000000
613.000000
609.000000
611.000000
614.000000
828.000000
770.000000
896.000000
717.000000
613.000000
383.000000
989.000000
891.000000
723.000000
711.000000
709.000000
556.000000
657.000000
763.000000
658.000000
664.000000
610.000000
678.000000
725.000000
625.000000
658.000000
600.000000
605.000000
770.000000
716.000000
772.000000
826.000000
713.000000
717.000000
829.000000
673.000000
668.000000
775.000000
833.000000
716.000000
774.000000
779.000000
824.000000
777.000000
714.000000
661.000000
882.000000
609.000000
658.000000
391.000000
908.000000
768.000000
667.000000
882.000000
769.000000
661.000000
660.000000
715.000000
506.000000
547.000000
547.000000
712.000000
663.000000
722.000000
609.000000
606.000000
711.000000
556.000000
551.000000
701.000000
773.000000
774.000000
719.000000
658.000000
713.000000
715.000000
607.000000
491.000000
660.000000
600.000000
549.000000
496.000000
723.000000
718.000000
713.000000
712.000000
713.000000
772.000000
495.000000
665.000000
506.000000
830.000000
714.000000
767.000000
934.000000
1001.000000
930.000000
657.000000
775.000000
663.000000
773.000000
61992.000000
544.000000
675.000000
604.000000
768.000000
716.000000
710.000000
768.000000
715.000000
780.000000
605.000000
765.000000
721.000000
720.000000
675.000000
775.000000
782.000000
773.000000
712.000000
818.000000
711.000000
721.000000
826.000000
715.000000
662.000000
601.000000
618.000000
608.000000
613.000000
607.000000
830.000000
714.000000
667.000000
604.000000
549.000000
600.000000
824.000000
775.000000
765.000000
53993.000000
771.000000
718.000000
668.000000
555.000000
491.000000
832.000000
656.000000
724.000000
664.000000
602.000000
670.000000
721.000000
601.000000
612.000000
870.000000
68651.000000
718.000000
780.000000
839.000000
828.000000
712.000000
776.000000
777.000000
777.000000
709.000000
713.000000
719.000000
672.000000
719.000000
660.000000
764.000000
985.000000
555.000000
551.000000
713.000000
604.000000
654.000000
712.000000
603.000000
659.000000
603.000000
672.000000
670.000000
656.000000
656.000000
608.000000
609.000000
659.000000
613.000000
716.000000
669.000000
724.000000
663.000000
606.000000
657.000000
58154.000000
730.000000
714.000000
713.000000
614.000000
60851.000000
716.000000
619.000000
779.000000
826.000000
879.000000
878.000000
1106.000000
664.000000
553.000000
548.000000
555.000000
661.000000
732.000000
716.000000
891.000000
894.000000
818.000000
949.000000
714.000000
835.000000
502.000000
553.000000
440.000000
500.000000
770.000000
608.000000
605.000000
880.000000
559.000000
608.000000
779.000000
825.000000
877.000000
711.000000
713.000000
561.000000
500.000000
889.000000
606.000000
498.000000
494.000000
662.000000
611.000000
548.000000
552.000000
665.000000
833.000000
605.000000
660.000000
649.000000
714.000000
668.000000
665.000000
834.000000
776.000000
780.000000
607.000000
825.000000
783.000000
821.000000
661.000000
497.000000
496.000000
627.000000
664.000000
658.000000
664.000000
661.000000
842.000000
885.000000
601.000000
600.000000
666.000000
599.000000
553.000000
561.000000
555.000000
767.000000
840.000000
503.000000
881.000000
861814.000000
603.000000
722.000000
551.000000
714.000000
984.000000
843.000000
874.000000
768.000000
772.000000
785.000000
770.000000
71860.000000
770.000000
831.000000
824.000000
771.000000
769.000000
710.000000
672.000000
706.000000
779.000000
769.000000
780.000000
825.000000
836.000000
712.000000
658.000000
713.000000
725.000000
718.000000
718.000000
668.000000
715.000000
728.000000
667.000000
708.000000
603.000000
895.000000
933.000000
829.000000
721.000000
609.000000
712.000000
603.000000
725.000000
730.000000
1004.000000
62911.000000
715.000000
663.000000
661.000000
663.000000
829.000000
665.000000
605.000000
617.000000
606.000000
659.000000
76703.000000
1156.000000
884.000000
768.000000
667.000000
670.000000
715.000000
661.000000
620.000000
552.000000
715.000000
1044.000000
958.000000
938.000000
660.000000
444.000000
1087.000000
779.000000
772.000000
947.000000
836.000000
715.000000
715.000000
831.000000
781.000000
714.000000
605.000000
717.000000
658.000000
886.000000
830.000000
775.000000
774.000000
769.000000
548.000000
729.000000
771.000000
822.000000
497.000000
670.000000
827.000000
771.000000
839.000000
714.000000
869.000000
715.000000
678.000000
948.000000
886.000000
673.000000
870.000000
439.000000
550.000000
668.000000
764.000000
659.000000
606.000000
669.000000
870.000000
879.000000
781.000000
664.000000
549.000000
609.000000
735.000000
827.000000
839.000000
658.000000
658.000000
662.000000
719.000000
557.000000
554.000000
681.000000
715.000000
714.000000
842.000000
547.000000
558.000000
777.000000
665.000000
786.000000
714.000000
718.000000
840.000000
778.000000
777.000000
768.000000
657.000000
657.000000
671.000000
778.000000
781.000000
613.000000
768.000000
713.000000
822.000000
711.000000
889.000000
719.000000
550.000000
654.000000
715.000000
778.000000
770.000000
995.000000
1151.000000
663.000000
771.000000
666.000000
77726.000000
557.000000
499.000000
494.000000
724.000000
664.000000
608.000000
603.000000
603.000000
782.000000
717.000000
658.000000
832.000000
554.000000
605.000000
877.000000
720.000000
665.000000
608.000000
559.000000
560.000000
554.000000
786.000000
771.000000
882.000000
659.000000
663.000000
725.000000
558.000000
768.000000
721.000000
666.000000
616.000000
706.000000
665.000000
665.000000
610.000000
616.000000
714.000000
724.000000
718.000000
714.000000
604.000000
602.000000
600.000000
566.000000
605.000000
654.000000
780.000000
718.000000
609.000000
609.000000
610.000000
716.000000
844.000000
822.000000
612.000000
657.000000
769.000000
720.000000
657.000000
663.000000
514.000000
833.000000
607.000000
616.000000
817.000000
713.000000
718.000000
826.000000
875.000000
829.000000
884.000000
819.000000
669.000000
610.000000
659.000000
764.000000
718.000000
988881.000000
833.000000
772.000000
776.000000
769.000000
547.000000
893.000000
875.000000
873.000000
761.000000
604.000000
774.000000
780.000000
836.000000
610.000000
768.000000
508.000000
790.000000
615.000000
604.000000
714.000000
667.000000
772.000000
721.000000
871.000000
718.000000
717.000000
669.000000
720.000000
762.000000
499.000000
617.000000
658.000000
710.000000
711.000000
660.000000
617.000000
659.000000
771.000000
609.000000
552.000000
608.000000
713.000000
670.000000
775.000000
711.000000
783.000000
667.000000
829.000000
778.000000
939.000000
881.000000
77219.000000
554.000000
509.000000
824.000000
824.000000
721.000000
878.000000
926.000000
605.000000
1000.000000
703094.000000
672.000000
937.000000
601.000000
615.000000
663.000000
786.000000
659.000000
601.000000
661.000000
786.000000
668.000000
727.000000
713.000000
670.000000
604.000000
829.000000
772.000000
603.000000
385.000000
721.000000
606.000000
493.000000
500.000000
611.000000
725.000000
501.000000
888.000000
883.000000
993.000000
734.000000
553.000000
440.000000
552.000000
723.000000
832.000000
777.000000
784.000000
822.000000
832.000000
669.000000
668.000000
666.000000
716.000000
985.000000
898.000000
822.000000
1003.000000
1038.000000
721.000000
552.000000
548.000000
765.000000
718.000000
661.000000
660.000000
69690.000000
774.000000
938.000000
746.000000
768.000000
724.000000
724.000000
663.000000
769.000000
776.000000
718.000000
620.000000
75511.000000
550.000000
675.000000
609.000000
560.000000
719.000000
774.000000
893.000000
725.000000
824.000000
708.000000
717.000000
883.000000
825.000000
885.000000
989.000000
664.000000
611.000000
604.000000
549.000000
609.000000
884.000000
72962.000000
936.000000
662.000000
713.000000
830.000000
873.000000
548.000000
614.000000
612.000000
767.000000
670.000000
725.000000
893.000000
894.000000
672.000000
656.000000
612.000000
775.000000
844.000000
838.000000
722.000000
721.000000
775.000000
626.000000
940.000000
888.000000
671.000000
611.000000
666.000000
867.000000
715.000000
602.000000
895.000000
727.000000
783.000000
495.000000
782.000000
612.000000
597.000000
686.000000
825.000000
770.000000
1058.000000
715.000000
793.000000
766.000000
681.000000
784.000000
656.000000
835.000000
571.000000
714.000000
554.000000
725.000000
719.000000
553.000000
895.000000
659.000000
834.000000
773.000000
777.000000
720.000000
723.000000
781.000000
658.000000
659.000000
876.000000
823.000000
769.000000
988.000000
833.000000
733.000000
729.000000
666.000000
823.000000
664.000000
663.000000
613.000000
717.000000
550.000000
5247.000000
658.000000
663.000000
722.000000
777.000000
993.000000
1109.000000
1040.000000
938.000000
658.000000
780.000000
999.000000
724.000000
829.000000
741.000000
732.000000
714.000000
767.000000
716.000000
715.000000
947.000000
500.000000
503.000000
558.000000
606.000000
603.000000
605.000000
663.000000
713.000000
603.000000
657.000000
605.000000
609.000000
727.000000
725.000000
717.000000
938.000000
936.000000
658.000000
708.000000
552.000000
716.000000
608.000000
772.000000
771.000000
774.000000
550.000000
497.000000
384.000000
653.000000
549.000000
713.000000
669.000000
1044.000000
986.000000
940.000000
949.000000
794.000000
670.000000
602.000000
555.000000
673.000000
660.000000
660.000000
674.000000
665.000000
606.000000
891.000000
820.000000
774.000000
74586.000000
610.000000
609.000000
715.000000
727.000000
664.000000
551.000000
824.000000
777.000000
671.000000
604.000000
608.000000
716.000000
727.000000
722.000000
939.000000
831.000000
891.000000
831.000000
883.000000
775.000000
771.000000
672.000000
766.000000
550.000000
658.000000
654.000000
666.000000
761.000000
817.000000
659.000000
720.000000
831.000000
832.000000
723.000000
660.000000
824.000000
828.000000
710.000000
824.000000
859.000000
835.000000
829.000000
1054.000000
1050.000000
1048.000000
938.000000
674.000000
557.000000
764.000000
724.000000
885.000000
778.000000
772.000000
719.000000
674.000000
660.000000
669.000000
839.000000
658.000000
553.000000
550.000000
510.000000
729.000000
879.000000
764.000000
613.000000
603.000000
883.000000
985.000000
715.000000
664.000000
732.000000
732.000000
832.000000
730.000000
606.000000
827.000000
822.000000
835.000000
716.000000
830.000000
1088.000000
713.000000
774.000000
945.000000
992.000000
887.000000
887.000000
881.000000
615.000000
713.000000
726.000000
547.000000
661.000000
725.000000
670.000000
1033.000000
768.000000
661.000000
604.000000
708.000000
618.000000
774.000000
886.000000
558.000000
788.000000
670.000000
834.000000
830.000000
910991.000000
886.000000
883.000000
843.000000
823.000000
66443.000000
932042.000000
718.000000
667.000000
659.000000
778.000000
782.000000
666.000000
775.000000
673.000000
715.000000
725.000000
665.000000
667.000000
719.000000
770.000000
719.000000
999.000000
1052.000000
838.000000
772.000000
657.000000
828.000000
659.000000
981.000000
779.000000
771.000000
723.000000
932.000000
996.000000
62512.000000
828.000000
675.000000
719.000000
717.000000
774.000000
944.000000
1101.000000
671.000000
660.000000
722.000000
668.000000
837.000000
772.000000
771.000000
773.000000
1011.000000
989.000000
995.000000
988.000000
1314.000000
611.000000
550.000000
551.000000
719.000000
614.000000
821.000000
731.000000
765.000000
610.000000
555.000000
827.000000
765.000000
725.000000
498.000000
559.000000
606.000000
724.000000
722.000000
713.000000
718.000000
713.000000
766.000000
614.000000
999.000000
994.000000
721.000000
935.000000
934.000000
54982.000000
767.000000
665.000000
549.000000
723.000000
765.000000
608.000000
940.000000
725.000000
659.000000
607.000000
656.000000
708.000000
610.000000
710.000000
834.000000
884.000000
888.000000
666.000000
724.000000
604.000000
450.000000
439.000000
888.000000
841.000000
769.000000
829.000000
825.000000
774.000000
824.000000
827.000000
786.000000
777.000000
663.000000
614.000000
611.000000
709.000000
499.000000
493.000000
842.000000
716.000000
936.000000
68465.000000
721.000000
790.000000
771.000000
716.000000
847.000000
769.000000
947.000000
771.000000
935.000000
666.000000
723.000000
665.000000
657.000000
839.000000
843.000000
840.000000
664.000000
552.000000
498.000000
496.000000
502.000000
549.000000
551.000000
781.000000
666.000000
773.000000
941.000000
892.000000
831.000000
939.000000
684.000000
776.000000
608.000000
607.000000
785.000000
714.000000
718.000000
662.000000
667.000000
830.000000
885.000000
823.000000
823.000000
833.000000
659.000000
713.000000
659.000000
667.000000
770.000000
846.000000
827.000000
773.000000
768.000000
816.000000
717.000000
601.000000
712.000000
674.000000
665.000000
952.000000
989.000000
877.000000
849.000000
774.000000
608.000000
555.000000
610.000000
552.000000
732.000000
714.000000
616.000000
766.000000
662.000000
958.000000
769.000000
773.000000
991.000000
823.000000
832.000000
929.000000
716.000000
827.000000
775.000000
983.000000
609.000000
661.000000
550.000000
493.000000
671.000000
614.000000
666.000000
893.000000
944.000000
996.000000
1005.000000
837.000000
827.000000
934.000000
665.000000
878.000000
605.000000
777.000000
772.000000
833.000000
938.000000
829.000000
554.000000
604.000000
604.000000
501.000000
497.000000
671.000000
712.000000
786.000000
722.000000
828.000000
725.000000
766.000000
893.000000
779.000000
719.000000
933.000000
658.000000
545.000000
825.000000
663.000000
824.000000
1000.000000
1047.000000
1055.000000
1211.000000
825.000000
497.000000
501.000000
548.000000
498.000000
1211.000000
935.000000
750.000000
661.000000
818.000000
779.000000
715.000000
778.000000
824.000000
775.000000
716.000000
726.000000
657.000000
675.000000
780.000000
714.000000
675.000000
769.000000
889.000000
933.000000
616.000000
769.000000
602.000000
720.000000
722.000000
786.000000
723.000000
739.000000
716.000000
658.000000
717.000000
782.000000
771.000000
879.000000
605.000000
734.000000
793.000000
726.000000
660.000000
832.000000
608.000000
719.000000
773.000000
820.000000
790.000000
769.000000
723.000000
665.000000
768.000000
829.000000
1010.000000
1056.000000
1160.000000
1007.000000
881.000000
842.000000
875.000000
719.000000
667.000000
659.000000
841.000000
714.000000
781.000000
774.000000
766.000000
561.000000
779.000000
716.000000
599.000000
499.000000
447.000000
550.000000
550.000000
549.000000
551.000000
652.000000
1045.000000
1155.000000
1057.000000
996.000000
719.000000
1045.000000
832.000000
771.000000
567.000000
836.000000
770.000000
843.000000
769.000000
550.000000
547.000000
722.000000
662.000000
605.000000
667.000000
775.000000
667.000000
549.000000
996.000000
668.000000
730.000000
834.000000
928.000000
827.000000
941.000000
931.000000
719.000000
604.000000
660.000000
661.000000
600.000000
551.000000
676.000000
672.000000
720.000000
825.000000
791.000000
892.000000
773.000000
666.000000
776.000000
670.000000
1154.000000
938.000000
658.000000
713.000000
672.000000
448.000000
716.000000
828.000000
775.000000
774.000000
949077.000000
718.000000
667.000000
937868.000000
943.000000
896.000000
783.000000
668.000000
504.000000
614.000000
554.000000
712.000000
715.000000
730.000000
609.000000
504.000000
663.000000
718.000000
735.000000
1062.000000
554.000000
848.000000
770.000000
872.000000
778.000000
823.000000
729.000000
68054.000000
608.000000
709.000000
875.000000
551.000000
547.000000
602.000000
938.000000
991.000000
1007.000000
17291.000000
657.000000
828.000000
1065.000000
845.000000
877.000000
713.000000
718.000000
723.000000
778.000000
714.000000
548.000000
604.000000
825.000000
719.000000
720.000000
714.000000
880.000000
993.000000
838.000000
827.000000
667.000000
667.000000
671.000000
607.000000
657.000000
603.000000
730.000000
775.000000
775.000000
875.000000
941.000000
768.000000
726.000000
828.000000
828.000000
834.000000
990.000000
552.000000
552.000000
707.000000
709.000000
889.000000
775.000000
827.000000
836.000000
783.000000
716.000000
660.000000
498.000000
496.000000
767.000000
714.000000
717.000000
832.000000
949.000000
993.000000
833.000000
666.000000
616.000000
613.000000
552.000000
831.000000
823.000000
661.000000
931.000000
774.000000
827.000000
832.000000
675.000000
558.000000
775.000000
715.000000
769.000000
950.000000
782.000000
659.000000
673.000000
560.000000
667.000000
658.000000
905.000000
847.000000
880.000000
613.000000
565.000000
609.000000
826.000000
781.000000
716.000000
985.000000
549.000000
774.000000
999.000000
776.000000
875.000000
880.000000
892.000000
729.000000
775.000000
775.000000
719.000000
880.000000
677.000000
667.000000
554.000000
941.000000
891.000000
823.000000
836.000000
714.000000
1055.000000
825.000000
900.000000
71104.000000
562.000000
556.000000
661.000000
617.000000
737.000000
609.000000
714.000000
548.000000
599.000000
727.000000
388.000000
1074.000000
1074.000000
1101.000000
877.000000
833.000000
666.000000
771.000000
720.000000
611.000000
608.000000
501.000000
772.000000
1011.000000
986.000000
829.000000
937.000000
1006.000000
933.000000
770.000000
891.000000
879.000000
767.000000
829.000000
62450.000000
549.000000
553.000000
659.000000
605.000000
827.000000
887.000000
667.000000
660.000000
660.000000
721.000000
679.000000
769.000000
75600.000000
878.000000
827.000000
934.000000
784.000000
830.000000
943.000000
878.000000
879.000000
829.000000
873.000000
900.000000
949.000000
657.000000
662.000000
717.000000
881.000000
818.000000
834.000000
556.000000
1000.000000
768.000000
826.000000
706.000000
709.000000
932192.000000
887.000000
833.000000
824.000000
724.000000
721.000000
778.000000
662.000000
665.000000
551.000000
772.000000
662.000000
872.000000
715.000000
721.000000
774.000000
888.000000
882.000000
827.000000
1045.000000
1048.000000
878.000000
666.000000
662.000000
603.000000
661.000000
663.000000
601.000000
601.000000
559.000000
1055.000000
1157.000000
942.000000
940.000000
726.000000
767.000000
712.000000
879.000000
729.000000
658.000000
723.000000
818.000000
890.000000
1168.000000
938.000000
892.000000
772.000000
659.000000
778.000000
657.000000
928.000000
552.000000
553.000000
665.000000
777.000000
1032.000000
770.000000
720.000000
1000.000000
889.000000
830.000000
926.000000
764.000000
781.000000
669.000000
607.000000
658.000000
780.000000
775.000000
879.000000
1004.000000
824.000000
676.000000
881.000000
672.000000
606.000000
601.000000
774.000000
886.000000
958.000000
1057.000000
828.000000
882.000000
552.000000
612.000000
671.000000
659.000000
603.000000
607.000000
824.000000
874.000000
719.000000
717.000000
666.000000
725.000000
662.000000
1225.000000
883.000000
615.000000
710.000000
718.000000
899.000000
870.000000
389.000000
547.000000
548.000000
558.000000
498.000000
491.000000
606.000000
606.000000
665.000000
829.000000
893.000000
663.000000
658.000000
662.000000
776.000000
822.000000
770.000000
609.000000
606.000000
655.000000
760.000000
995.000000
948.000000
889.000000
884.000000
995.000000
994.000000
938.000000
770.000000
987.000000
879.000000
887.000000
823.000000
66767.000000
823.000000
828.000000
832.000000
604.000000
655.000000
716.000000
663.000000
768.000000
547.000000
816.000000
725.000000
769.000000
718.000000
661.000000
663.000000
838.000000
549.000000
655.000000
549.000000
824.000000
775.000000
782.000000
1042.000000
780.000000
871.000000
709.000000
660.000000
604.000000
620.000000
943.000000
938.000000
830.000000
919.000000
722.000000
777.000000
832.000000
793.000000
943.000000
877.000000
828.000000
774.000000
603.000000
610.000000
781.000000
943.000000
776.000000
769.000000
891.000000
1005.000000
826.000000
831.000000
61705.000000
1102.000000
765.000000
826.000000
933.000000
1067.000000
679.000000
614.000000
724.000000
660.000000
712.000000
724.000000
665.000000
659.000000
666.000000
819.000000
831.000000
834.000000
888.000000
725.000000
607.000000
1003.000000
1162.000000
940.000000
714.000000
821.000000
734.000000
73544.000000
939.000000
669.000000
666.000000
602.000000
657.000000
714.000000
719.000000
1054.000000
780.000000
714.000000
720.000000
823.000000
828.000000
881.000000
946.000000
604.000000
762.000000
655.000000
600.000000
773.000000
952.000000
883.000000
944.000000
786.000000
659.000000
664.000000
609.000000
493.000000
669.000000
784.000000
605.000000
888.000000
1103.000000
882.000000
659.000000
610.000000
658.000000
658.000000
607.000000
562.000000
831.000000
721.000000
1006.000000
723.000000
722.000000
831.000000
670.000000
608.000000
786.000000
837.000000
990.000000
956.000000
876.000000
672.000000
769.000000
956.000000
894.000000
840.000000
783.000000
774.000000
987.000000
549.000000
494.000000
671.000000
663.000000
664.000000
710.000000
878.000000
883.000000
887.000000
1046.000000
833.000000
823.000000
838.000000
719.000000
609.000000
549.000000
605.000000
717.000000
880.000000
881.000000
714.000000
603.000000
622.000000
899.000000
660.000000
998.000000
766.000000
770.000000
768.000000
937.000000
885.000000
777.000000
716.000000
817.000000
833.000000
826.000000
714.000000
719.000000
879.000000
770.000000
711.000000
720.000000
678.000000
78406.000000
765.000000
609.000000
957.000000
500.000000
606.000000
615.000000
874.000000
783.000000
675.000000
719.000000
784.000000
607.000000
723.000000
896.000000
714.000000
938.000000
982.000000
602.000000
607.000000
809.000000
609.000000
609.000000
660.000000
776.000000
774.000000
721.000000
827.000000
827.000000
771.000000
773.000000
716.000000
660.000000
655.000000
564.000000
785.000000
821.000000
824.000000
827.000000
716.000000
708.000000
440.000000
1053.000000
885.000000
941.000000
661.000000
671.000000
662.000000
1150.000000
837.000000
828.000000
943.000000
936.000000
937.000000
955.000000
721.000000
830.000000
774.000000
776.000000
723.000000
786.000000
76440.000000
771.000000
943.000000
882.000000
777.000000
719.000000
825.000000
831.000000
674.000000
1230.000000
1236.000000
1165.000000
1242.000000
605.000000
550.000000
553.000000
829.000000
778.000000
829.000000
939.000000
941.000000
949.000000
933.000000
725.000000
990.000000
1001.000000
933.000000
935.000000
769.000000
774.000000
932.000000
773.000000
839.000000
827.000000
834.000000
825.000000
831.000000
599.000000
605.000000
672.000000
603.000000
665.000000
614.000000
996.000000
880.000000
1287.000000
1102.000000
716.000000
72865.000000
936.000000
873.000000
823.000000
554.000000
677.000000
770.000000
777.000000
719.000000
672.000000
782.000000
656.000000
899.000000
827.000000
875.000000
823.000000
664.000000
73858.000000
711.000000
714.000000
715.000000
1054.000000
1042.000000
821.000000
728.000000
720.000000
1045.000000
826.000000
718.000000
778.000000
712.000000
784.000000
717.000000
660.000000
669.000000
834.000000
1110.000000
611.000000
549.000000
772.000000
873.000000
779.000000
605.000000
660.000000
606.000000
80115.000000
835.000000
934.000000
659.000000
727.000000
773.000000
719.000000
764.000000
945.000000
835.000000
845.000000
724.000000
773.000000
718.000000
714.000000
611.000000
604.000000
718.000000
664.000000
762.000000
709.000000
503.000000
661.000000
887.000000
940.000000
999.000000
984.000000
666.000000
83422.000000
996.000000
1003.000000
773.000000
603.000000
663.000000
666.000000
880.000000
818.000000
658.000000
728.000000
1002051.000000
728.000000
772.000000
662.000000
769.000000
548.000000
552.000000
771.000000
776.000000
498.000000
657.000000
664.000000
624.000000
493.000000
503.000000
665.000000
547.000000
717.000000
769.000000
663.000000
875.000000
604.000000
605.000000
883.000000
899.000000
996.000000
990.000000
881.000000
934.000000
829.000000
773.000000
1037.000000
664.000000
614.000000
776.000000
779.000000
765.000000
718.000000
81151.000000
836.000000
557.000000
672.000000
612.000000
610.000000
945.000000
713.000000
826.000000
879.000000
890.000000
1069.000000
997.000000
883.000000
775.000000
896.000000
624.000000
665.000000
717.000000
723.000000
834.000000
942.000000
990.000000
830.000000
721.000000
942.000000
838.000000
658.000000
614.000000
880.000000
778.000000
836.000000
725.000000
835.000000
844.000000
1052.000000
75593.000000
607.000000
606.000000
824.000000
823.000000
618.000000
678.000000
606.000000
712.000000
779.000000
874.000000
829.000000
720.000000
929.000000
661.000000
768.000000
838.000000
839.000000
823.000000
772.000000
603.000000
81096.000000
553.000000
768.000000
603.000000
718.000000
879.000000
719.000000
669.000000
787.000000
773.000000
713.000000
767.000000
666.000000
879.000000
661.000000
610.000000
499.000000
492.000000
672.000000
828.000000
824.000000
725.000000
673.000000
609.000000
829.000000
664.000000
667.000000
548.000000
560.000000
768.000000
726.000000
719.000000
844.000000
889.000000
820.000000
842.000000
819.000000
723.000000
782.000000
658.000000
547.000000
607.000000
498.000000
719.000000
724.000000
670.000000
778.000000
995.000000
1162.000000
885.000000
824.000000
763.000000
660.000000
775.000000
839.000000
608.000000
833.000000
828.000000
81459.000000
662.000000
785.000000
826.000000
829.000000
887.000000
615.000000
500.000000
495.000000
1001.000000
996.000000
934.000000
879.000000
725.000000
941.000000
986.000000
1000.000000
883.000000
819.000000
777.000000
655.000000
849.000000
953.000000
827.000000
829.000000
711.000000
769.000000
724.000000
1048.000000
884.000000
723.000000
608.000000
611.000000
496.000000
897.000000
669.000000
879.000000
882.000000
995.000000
621.000000
829.000000
713.000000
837.000000
882.000000
609.000000
989.000000
830.000000
819.000000
890.000000
1057.000000
944.000000
910.000000
828.000000
933.000000
715.000000
719.000000
766.000000
607.000000
773.000000
727.000000
660.000000
730.000000
438.000000
502.000000
889.000000
882.000000
884.000000
612.000000
714.000000
664.000000
660.000000
726.000000
610.000000
612.000000
603.000000
718.000000
1101.000000
840.000000
935.000000
725.000000
990.000000
826.000000
719.000000
773.000000
672.000000
938.000000
844.000000
831.000000
778.000000
668.000000
825.000000
842.000000
827.000000
604.000000
549.000000
611.000000
880.000000
936.000000
891.000000
877.000000
937.000000
1059.000000
997.000000
993.000000
831.000000
662.000000
1061.000000
994.000000
60627.000000
1039.000000
1014.000000
1042.000000
780.000000
983.000000
936.000000
670.000000
673.000000
663.000000
774.000000
879.000000
931.000000
776.000000
832.000000
772.000000
773.000000
678.000000
838.000000
895.000000
995.000000
774.000000
77987.000000
1050.000000
1100.000000
1048.000000
550.000000
608.000000
548.000000
724.000000
830.000000
548.000000
716.000000
772.000000
771.000000
823.000000
884.000000
886.000000
877.000000
937.000000
1047.000000
663.000000
819.000000
890.000000
770.000000
935.000000
769.000000
769.000000
934.000000
883.000000
665.000000
718.000000
770.000000
990.000000
1056.000000
879.000000
663.000000
659.000000
616.000000
605.000000
563.000000
684.000000
823.000000
663.000000
665.000000
826.000000
880.000000
823.000000
768.000000
718.000000
720.000000
824.000000
713.000000
709.000000
718.000000
760.000000
719.000000
714.000000
660.000000
604.000000
605.000000
626.000000
609.000000
605.000000
614.000000
610.000000
778.000000
733.000000
998.000000
1004.000000
884.000000
1109.000000
1097.000000
1043.000000
1489.000000
826.000000
734.000000
718.000000
836.000000
826.000000
720.000000
673.000000
775.000000
719.000000
890.000000
722.000000
777.000000
884.000000
1054.000000
938.000000
1089.000000
768.000000
875.000000
773.000000
832.000000
832.000000
1008.000000
777.000000
832.000000
709.000000
670.000000
662.000000
653.000000
663.000000
720.000000
665.000000
664.000000
715.000000
872.000000
769.000000
724.000000
657.000000
662.000000
602.000000
547.000000
553.000000
721.000000
778.000000
654.000000
997.000000
879.000000
775.000000
989.000000
954.000000
833.000000
875.000000
941.000000
770.000000
836.000000
776.000000
892.000000
825.000000
892.000000
1105.000000
939.000000
1045.000000
890.000000
937.000000
670.000000
673.000000
604.000000
989.000000
821.000000
998.000000
821.000000
676.000000
714.000000
771.000000
826.000000
660.000000
823.000000
1052.000000
832.000000
882.000000
822.000000
946.000000
719.000000
1054.000000
662.000000
723.000000
720.000000
722.000000
769.000000
669.000000
741.000000
716.000000
819.000000
566.000000
756.000000
829.000000
666.000000
986.000000
656.000000
671.000000
879.000000
735.000000
606.000000
651.000000
658.000000
660.000000
719.000000
773.000000
881.000000
998.000000
993.000000
883.000000
890.000000
894.000000
771.000000
716.000000
878.000000
1105.000000
926.000000
833.000000
952.000000
934.000000
842.000000
996.000000
988.000000
929.000000
827.000000
773.000000
821.000000
770.000000
884.000000
725.000000
775.000000
772.000000
72288.000000
938.000000
893.000000
825.000000
884.000000
554.000000
450.000000
331.000000
334.000000
1061.000000
990.000000
793.000000
943.000000
888.000000
776.000000
726.000000
1048.000000
947.000000
821.000000
766.000000
877.000000
883.000000
939.000000
733.000000
775.000000
770.000000
932.000000
829.000000
784.000000
659.000000
611.000000
549.000000
781.000000
616.000000
715.000000
935.000000
1045.000000
1049.000000
942.000000
940.000000
1100.000000
934.000000
946.000000
888.000000
948.000000
717.000000
564.000000
719.000000
718.000000
882.000000
1169.000000
828.000000
829.000000
783.000000
775.000000
64633.000000
825.000000
731.000000
662.000000
845.000000
494.000000
775.000000
956.000000
835.000000
718.000000
771.000000
769.000000
826.000000
778.000000
778.000000
777.000000
770.000000
673.000000
946.000000
933.000000
881.000000
832.000000
606.000000
606.000000
605.000000
616.000000
1056.000000
887.000000
933.000000
943.000000
709.000000
1078.000000
776.000000
725.000000
604.000000
742.000000
939.000000
985.000000
883.000000
939.000000
890.000000
717.000000
823.000000
825.000000
883.000000
1101.000000
1113.000000
1154.000000
1000.000000
945.000000
890.000000
885.000000
886.000000
949.000000
832.000000
896.000000
829.000000
663.000000
666.000000
724.000000
833.000000
660.000000
606.000000
604.000000
442.000000
500.000000
712.000000
607.000000
780.000000
940.000000
937.000000
887.000000
999.000000
1100.000000
1055.000000
780.000000
827.000000
837.000000
715.000000
778.000000
780.000000
765.000000
829.000000
885.000000
610.000000
388.000000
777.000000
717.000000
710.000000
841.000000
779.000000
1011.000000
726.000000
731.000000
1055.000000
777.000000
606.000000
833.000000
779.000000
721.000000
887.000000
828.000000
555.000000
560.000000
502.000000
552.000000
553.000000
883.000000
830.000000
1036.000000
774.000000
857.000000
878.000000
719.000000
935.000000
830.000000
772.000000
783.000000
772.000000
501.000000
770.000000
768.000000
832.000000
989.000000
1093.000000
944.000000
721.000000
612.000000
663.000000
608.000000
663.000000
771.000000
712.000000
675.000000
611.000000
829.000000
612.000000
818.000000
996.000000
720.000000
880.000000
613.000000
767.000000
604.000000
611.000000
767.000000
732.000000
943.000000
840.000000
71762.000000
728.000000
714.000000
827.000000
723.000000
723.000000
776.000000
714.000000
933.000000
933.000000
996.000000
557.000000
990.000000
729.000000
817.000000
612.000000
606.000000
668.000000
882.000000
787.000000
944.000000
721.000000
617.000000
614.000000
661.000000
501.000000
501.000000
503.000000
661.000000
715.000000
830.000000
780.000000
838.000000
833.000000
607.000000
671.000000
879.000000
721.000000
714.000000
764.000000
78540.000000
772.000000
779.000000
1140.000000
881.000000
767.000000
599.000000
815.000000
775.000000
786.000000
658.000000
668.000000
773.000000
669.000000
990.000000
840.000000
830.000000
713.000000
770.000000
674.000000
662.000000
664.000000
661.000000
967.000000
877.000000
769.000000
887.000000
1156.000000
936.000000
608.000000
602.000000
501.000000
610.000000
716.000000
607.000000
830.000000
661.000000
719.000000
550.000000
494.000000
827.000000
999.000000
949.000000
941.000000
1050.000000
1004.000000
879.000000
721.000000
834.000000
726.000000
599.000000
560.000000
611.000000
777.000000
885.000000
887.000000
551.000000
719.000000
823.000000
828.000000
775.000000
893.000000
828.000000
1290.000000
605.000000
1037.000000
947.000000
887.000000
948.000000
894.000000
727.000000
769.000000
777.000000
902.000000
897.000000
823.000000
558.000000
880.000000
931.000000
774.000000
737.000000
712.000000
661.000000
604.000000
674.000000
1100.000000
1111.000000
1091.000000
941.000000
890.000000
827.000000
879.000000
716.000000
827.000000
944.000000
984.000000
1111.000000
876.000000
711.000000
767.000000
827.000000
939.000000
1107.000000
938.000000
1042.000000
1047.000000
609.000000
719.000000
664.000000
830.000000
659.000000
841.000000
72146.000000
826.000000
674.000000
671.000000
764.000000
886.000000
995.000000
837.000000
871.000000
554.000000
76893.000000
726.000000
992.000000
823.000000
831.000000
778.000000
773.000000
942.000000
938.000000
940.000000
725.000000
669.000000
712.000000
868.000000
818.000000
837.000000
715.000000
718.000000
717.000000
833.000000
614.000000
606.000000
774.000000
791.000000
669.000000
763.000000
770.000000
824.000000
825.000000
886.000000
1004.000000
768.000000
605.000000
611.000000
660.000000
606.000000
608.000000
667.000000
497.000000
616.000000
822.000000
718.000000
666.000000
663.000000
769.000000
872.000000
670.000000
1043.000000
897.000000
879.000000
896.000000
658.000000
713.000000
499.000000
613.000000
880.000000
888.000000
874.000000
783.000000
887.000000
605.000000
824.000000
497.000000
553.000000
550.000000
672.000000
888.000000
822.000000
618.000000
881.000000
773.000000
1010.000000
881.000000
731.000000
774.000000
780.000000
835.000000
835.000000
69253.000000
775.000000
894.000000
727.000000
816.000000
760.000000
617.000000
494.000000
776.000000
833.000000
825.000000
1059.000000
1064.000000
949.000000
823.000000
825.000000
837.000000
659.000000
734.000000
608.000000
606.000000
714.000000
661.000000
665.000000
724.000000
882.000000
993.000000
775.000000
1046.000000
942.000000
931.000000
727.000000
660.000000
663.000000
937.000000
777.000000
768.000000
545.000000
870.000000
787.000000
660.000000
875.000000
604.000000
615.000000
670.000000
604.000000
883.000000
889.000000
722.000000
664.000000
835.000000
705.000000
712.000000
660.000000
826.000000
779.000000
1148.000000
840.000000
829.000000
888.000000
941.000000
615.000000
836.000000
887.000000
786.000000
774.000000
772.000000
665.000000
549.000000
727.000000
670.000000
838.000000
942.000000
938.000000
1047.000000
1036.000000
838.000000
1043.000000
774.000000
714.000000
829.000000
718.000000
776.000000
719.000000
777.000000
831.000000
1052.000000
768.000000
727.000000
668.000000
837.000000
509.000000
606.000000
661.000000
3884.000000
883.000000
885.000000
947.000000
995.000000
836.000000
989.000000
992.000000
1127.000000
977.000000
935.000000
998.000000
882.000000
886.000000
1103.000000
717.000000
561.000000
500.000000
672.000000
991.000000
940.000000
884.000000
829.000000
824.000000
719.000000
719.000000
732.000000
774.000000
712.000000
1003320.000000
827.000000
836.000000
719.000000
1002.000000
665.000000
813.000000
930.000000
934.000000
610.000000
779.000000
881.000000
879.000000
873.000000
937.000000
830.000000
892.000000
774.000000
821.000000
72454.000000
720.000000
1013.000000
1054.000000
1045.000000
1088.000000
718.000000
726.000000
660.000000
603.000000
606.000000
554.000000
833.000000
776.000000
830.000000
670.000000
881.000000
661.000000
824.000000
668.000000
663.000000
550.000000
609.000000
775.000000
827.000000
777.000000
729.000000
668.000000
668.000000
663.000000
621.000000
658.000000
1000.000000
822.000000
773.000000
880.000000
550.000000
763.000000
668.000000
604.000000
768.000000
657.000000
766.000000
610.000000
666.000000
726.000000
718.000000
665.000000
664.000000
555.000000
942.000000
826.000000
825.000000
827.000000
887.000000
728.000000
939.000000
842.000000
727.000000
724.000000
666.000000
660.000000
889.000000
771.000000
882.000000
877.000000
839.000000
657.000000
723.000000
884.000000
828.000000
610.000000
668.000000
779.000000
663.000000
664.000000
608.000000
659.000000
996.000000
1053.000000
998.000000
882.000000
944.000000
1128851.000000
770.000000
766.000000
663.000000
1287.000000
886.000000
670.000000
609.000000
611.000000
719.000000
674.000000
669.000000
884.000000
840.000000
789.000000
72817.000000
887.000000
668.000000
1000.000000
783.000000
942.000000
836.000000
770.000000
931.000000
895.000000
883.000000
873.000000
825.000000
833.000000
990.000000
995.000000
991.000000
993.000000
1104.000000
1098.000000
665.000000
1062.000000
777.000000
894.000000
884.000000
846.000000
655.000000
774.000000
724.000000
714.000000
839.000000
714.000000
668.000000
609.000000
554.000000
725.000000
711.000000
609.000000
885.000000
661.000000
819.000000
884.000000
772.000000
886.000000
719.000000
775.000000
719.000000
832.000000
775.000000
852.000000
671.000000
664.000000
717.000000
712.000000
77757.000000
721.000000
668.000000
824.000000
832.000000
659.000000
737.000000
659.000000
879.000000
604.000000
776.000000
664.000000
776.000000
770.000000
726.000000
550.000000
555.000000
830.000000
785.000000
769.000000
948.000000
779.000000
894.000000
824.000000
772.000000
885.000000
836.000000
773.000000
883.000000
609.000000
568.000000
775.000000
666.000000
660.000000
671.000000
605.000000
893.000000
826.000000
724.000000
879.000000
500.000000
554.000000
940.000000
825.000000
615.000000
666.000000
719.000000
883.000000
891.000000
875.000000
936.000000
715.000000
883.000000
879.000000
931.000000
891.000000
830.000000
998.000000
934.000000
727.000000
713.000000
768.000000
711.000000
666.000000
713.000000
832.000000
610.000000
828.000000
1044.000000
724.000000
720.000000
767.000000
774.000000
715.000000
763.000000
716.000000
608.000000
553.000000
776.000000
511.000000
25308.000000
938.000000
716.000000
657.000000
708.000000
829.000000
776.000000
777.000000
713.000000
795.000000
70874.000000
894.000000
553.000000
618.000000
775.000000
774.000000
784.000000
714.000000
607.000000
718.000000
719.000000
616.000000
494.000000
566.000000
774.000000
934.000000
884.000000
888.000000
948.000000
783.000000
723.000000
767.000000
664.000000
717.000000
779.000000
998.000000
936.000000
718.000000
717.000000
715.000000
610.000000
550.000000
997.000000
773.000000
717.000000
495.000000
713.000000
772.000000
770.000000
772.000000
827.000000
828.000000
778.000000
873.000000
779.000000
892.000000
949.000000
1005.000000
992.000000
890.000000
824.000000
763.000000
672.000000
505.000000
610.000000
658.000000
553.000000
604.000000
558.000000
719.000000
772.000000
662.000000
68612.000000
888.000000
836.000000
768.000000
769.000000
712.000000
992.000000
989.000000
831.000000
504.000000
611.000000
825.000000
822.000000
1095.000000
903.000000
934.000000
1041.000000
996.000000
884.000000
834.000000
669.000000
714.000000
720.000000
603.000000
614.000000
664.000000
716.000000
885.000000
985.000000
1000716.000000
824.000000
763.000000
937.000000
830.000000
723.000000
959.000000
878.000000
780.000000
827.000000
935.000000
1004.000000
661.000000
780.000000
900.000000
604.000000
939.000000
1061.000000
935.000000
664.000000
996.000000
604.000000
780.000000
714.000000
835.000000
874.000000
938.000000
721.000000
664.000000
834.000000
663.000000
608.000000
604.000000
610.000000
727.000000
716.000000
725.000000
720.000000
674.000000
608.000000
671.000000
661.000000
888.000000
883.000000
772.000000
602.000000
558.000000
669.000000
724.000000
728.000000
723.000000
722.000000
493.000000
718.000000
662.000000
885.000000
894.000000
891.000000
871.000000
877.000000
714.000000
880.000000
711.000000
772.000000
893.000000
877.000000
891.000000
774.000000
870.000000
762.000000
838.000000
828.000000
789.000000
774.000000
837.000000
935.000000
1157.000000
996.000000
718.000000
940.000000
946.000000
1003.000000
551.000000
1148.000000
880.000000
933.000000
764.000000
563.000000
770.000000
769.000000
820.000000
614.000000
661.000000
607.000000
937.000000
660.000000
723.000000
666.000000
727.000000
882.000000
894.000000
882.000000
887.000000
1042.000000
789.000000
880.000000
827.000000
889.000000
784.000000
891.000000
779.000000
661.000000
828.000000
926.000000
895.000000
1006.000000
825.000000
873.000000
662.000000
605.000000
789.000000
876.000000
76954.000000
767.000000
607.000000
606.000000
819.000000
773.000000
995.000000
888.000000
606.000000
664.000000
769.000000
714.000000
718.000000
895.000000
774.000000
663.000000
821.000000
720.000000
879.000000
882.000000
550.000000
560.000000
549.000000
559.000000
620.000000
664.000000
610.000000
997.000000
888.000000
832.000000
943.000000
1056.000000
876.000000
824.000000
767.000000
663.000000
842.000000
774.000000
834.000000
838.000000
773.000000
770.000000
668.000000
609.000000
716.000000
776.000000
874.000000
83590.000000
981.000000
829.000000
830.000000
773.000000
673.000000
769.000000
667.000000
835.000000
1002.000000
768.000000
739.000000
676.000000
721.000000
847.000000
880.000000
827.000000
83484.000000
719.000000
773.000000
824.000000
783.000000
723.000000
610.000000
605.000000
664.000000
655.000000
604.000000
714.000000
777.000000
891.000000
948.000000
999.000000
734.000000
830.000000
769.000000
838.000000
1046.000000
1125.000000
946.000000
608.000000
719.000000
562.000000
558.000000
1029.000000
992.000000
822.000000
712.000000
719.000000
718.000000
602.000000
713.000000
833.000000
672.000000
617.000000
881.000000
714.000000
888.000000
831.000000
836.000000
721.000000
723.000000
612.000000
666.000000
663.000000
831.000000
824.000000
511.000000
552.000000
823.000000
714.000000
718.000000
661.000000
670.000000
716.000000
765.000000
778.000000
777.000000
734.000000
990.000000
1034.000000
780.000000
75937.000000
718.000000
604.000000
603.000000
618.000000
87591.000000
779.000000
58315.000000
1116.000000
666.000000
660.000000
767.000000
664.000000
709.000000
777.000000
940.000000
937.000000
656.000000
85015.000000
834.000000
895.000000
1201.000000
785.000000
939.000000
725.000000
832.000000
384.000000
504.000000
775.000000
827.000000
1103.000000
1118.000000
1155.000000
658.000000
654.000000
615.000000
668.000000
769.000000
828.000000
881.000000
930.000000
573.000000
525.000000
610.000000
664.000000
1105.000000
991.000000
820.000000
773.000000
670.000000
1020414.000000
936.000000
549.000000
773.000000
939.000000
939.000000
934.000000
881.000000
619.000000
776.000000
668.000000
607.000000
555.000000
609.000000
441.000000
554.000000
666.000000
1044.000000
1156.000000
717.000000
655.000000
679.000000
834.000000
828.000000
825.000000
773.000000
775.000000
931.000000
823.000000
834.000000
885.000000
931.000000
1110.000000
826.000000
946.000000
876.000000
665.000000
27832.000000
782.000000
726.000000
773.000000
663.000000
668.000000
843.000000
778.000000
553.000000
658.000000
676.000000
675.000000
78481.000000
553.000000
609.000000
785.000000
775.000000
941.000000
714.000000
605.000000
722.000000
898.000000
1214.000000
1098.000000
935.000000
823.000000
831.000000
885.000000
768.000000
722.000000
884.000000
937.000000
876.000000
823.000000
884.000000
879.000000
1162.000000
671.000000
715.000000
836.000000
875.000000
818.000000
945.000000
662.000000
606.000000
605.000000
881.000000
820.000000
608.000000
935.000000
780.000000
894.000000
775.000000
881.000000
552.000000
552.000000
