175201
186881
197916
192601
177646
178053
171261
166472
178146
169951
165685
169125
169487
165799
167847
162908
160083
153919
152407
149453
152122
147366
149701
148950
135097
127994
134654
138839
134477
137230
132272
132694
134242
131508
133864
135420
134207
138035
133655
136626
135462
133833
144888
143294
145363
146993
146052
145001
146591
145903
104097
119572
127653
135989
136436
136423
135258
138158
134782
135918
137979
134250
135997
135708
135877
136604
135035
138361
135074
136849
139211
137964
137446
135684
137772
138942
136410
136980
141253
135094
144444
143293
143548
145880
144156
144786
145214
132661
