1194692
1300470
1390000
1401335
1409894
1311589
1271369
1315096
1277999
1294638
1287656
1244665
1204615
1345022
1321746
1310196
1332747
1369733
1316403
1285282
1260181
1202398
1247704
1354292
1292436
1322570
1329411
1270583
1360217
1360127
1359475
1245302
1246659
1194983
1337201
1324248
1276922
1252337
1278303
1264066
1273890
1288258
1296919
1274785
1167441
1181651
1372553
1235308
1378288
1351818
1381851
1282471
1335495
1232509
1299306
1253601
1344720
1316637
1270902
1382141
1389853
1331101
1264443
1361516
1358598
1314880
1219828
1152134
1123596
1142804
1264818
1324402
1358541
1340666
1363790
1366145
1384237
1232881
1130255
1176921
1317366
1145049
1252941
1313011
1339499
1233461
1353413
1241238
1312876
1397123
1370684
1369616
1251966
