175979
163216
194463
165690
118506
134532
140008
145418
152810
154561
151999
150569
143416
145083
135876
138968
133421
136652
134055
135945
135426
137827
129103
118693
124690
128415
130578
128630
130828
129414
128962
127434
124823
128955
126151
126600
124420
126827
125249
125747
127276
124125
126739
124901
127520
124511
126156
126947
124231
125999
123655
125427
125590
127029
126199
124889
128526
124187
127167
124250
126079
125665
124893
129267
125395
126113
125935
125915
126173
125015
127476
125602
125808
125642
125503
125423
