145642
138119
126784
118657
136025
148609
152661
155672
174503
146149
159882
172524
168763
172125
171984
175482
176151
171402
158108
150953
138099
130794
142604
155870
161879
159002
159501
160721
158990
159154
168106
169433
157523
166114
167425
146217
147007
163042
168408
156896
150275
151161
150746
159230
168399
170597
155942
103336
117937
109002
128103
129676
143650
145405
148218
147548
157643
149652
155036
163146
157056
148526
124493
137290
158732
159778
160853
144959
151613
157680
159487
152928
119707
146721
146116
