293224
278954
304061
342136
366644
373271
444813
389245
429026
426834
411774
442479
439472
426786
454544
467902
424546
414432
419590
399371
439567
406390
421080
443710
442606
405781
426008
415794
416375
446581
396195
399342
403150
409190
441687
416330
415948
460950
414552
432622
434692
437770
413197
407044
443143
417441
432884
450252
435165
425800
408703
415140
472968
468182
422485
438544
488762
419458
410016
426919
401573
390870
470936
466348
418941
453088
480714
479060
447177
389755
400687
466118
423749
413137
437748
450260
441717
395999
433662
456135
417915
