230761
265259
275686
408731
417172
485713
505559
497103
501427
426933
358951
265539
269242
276265
277897
277645
279540
274200
250936
264970
244147
267853
277208
277480
273792
272429
274285
270840
281288
265512
275095
282545
268693
263575
290191
337556
328493
342276
329379
327407
315613
311379
330724
316441
332629
287677
279255
323728
342514
352889
347274
350510
354080
350909
341844
375659
314303
363286
333499
374813
337078
368553
325247
347578
353492
311913
309380
334716
348624
327433
360189
330194
357166
332392
345545
336765
337056
