182450
254471
291890
162286
198860
214896
235161
245741
238768
261016
235752
244564
244255
223457
254253
228560
224685
232657
228998
231197
240217
234518
220634
235017
234488
234704
235895
234316
233793
215693
227969
233976
231419
233398
232070
231070
230423
231892
231577
231964
231947
229989
232459
232080
231518
217612
210938
160436
124188
131848
137278
144365
143741
148509
145496
142326
143198
142304
144426
143131
140324
142204
142520
141821
142216
137784
132916
143532
142074
135103
140128
141859
142461
141927
140000
141341
139400
141066
140087
139281
141156
140691
140841
140010
140641
139097
142566
136134
137689
137866
135696
138101
137677
