432706
613306
649187
666899
667343
674152
664481
644504
644256
656779
673789
833609
873320
838244
814774
862905
890443
899471
881492
882810
861187
814088
782473
758029
716560
726150
718161
719634
726088
739371
724070
714947
695896
704096
710903
738533
750949
774211
746579
755029
726791
751533
712387
655295
692360
704108
703098
698903
705607
703064
702551
725307
727553
709985
739702
715676
713223
760125
790066
760718
729931
764999
754628
734159
707421
795416
782304
770204
740395
731057
738303
734473
749870
718700
739655
741174
779110
785388
770152
786381
765775
757663
785309
775123
