1280707
1277328
1328793
1376512
1338848
1257814
1323111
1281065
1296582
1213482
1353884
1303954
1355712
1310664
1322179
1302006
1284906
1229571
1216076
1255904
1239619
1251205
1246496
1265488
1269098
1222846
1223418
1282585
1246524
1246620
1285707
1309773
1328708
1299978
1320020
1300653
1332769
1358065
1318589
1368664
1355353
1412642
1468527
1480004
1477209
1469605
1486315
1470246
1511139
1452016
1401421
1483689
1479011
1363634
1371239
1343814
1320648
1325985
1444646
1409645
1357714
1360238
1358512
1372936
1374917
1409672
1485844
1485662
1445029
1460657
1357381
1442150
1477765
1466358
1374139
