1019398
1043073
1050866
1042628
1050406
965362
973110
1057299
1138752
1189106
1214964
1248757
1239759
1228779
1246502
1219046
1224885
1228073
1252036
1265462
1270418
1271336
1239835
1227685
1183793
1175001
1253346
1172467
1252767
1240142
1234673
1245130
1184354
1240673
1252018
1230459
1209855
1250265
1222373
1211711
1227076
1222017
1244540
1243944
1193198
1231084
1233935
1234489
1218867
1207388
1233435
1254336
1216249
1194282
1204838
1209911
1247745
1266658
1249626
1225393
1239392
1260171
1212706
1229820
1228627
1248653
1199572
1255549
1209419
1194908
1178119
1203816
1240958
1264068
1278016
1255606
1258121
