0
1399
6328
6222
6200
6215
6200
6329
175437
253798
298469
319032
326988
327793
291381
303016
300143
287328
273212
284966
258107
230874
267487
289597
348833
324283
311243
297701
326926
299290
318095
321908
312456
308720
315773
319306
312142
298041
296562
256857
290328
295337
314918
318396
309186
301725
323626
264323
282282
281179
281918
292952
302237
282504
262259
264153
286651
289901
298000
282961
267275
290989
300294
294413
262323
302976
300691
279957
282919
293399
284262
264843
255095
273471
280255
288737
282882
282644
276956
272684
261860
279253
284358
279092
276812
280263
270871
279461
275563
274949
285216
278269
272029
256161
274943
270175
283071
272903
255678
268241
278623
275977
287992
276169
276183
280345
276800
278832
280656
285263
269609
