0
0
5624
6180
6170
5600
5711
41949
219093
286088
298316
309318
290770
277065
273998
252359
246116
257603
264678
248800
243745
232044
241511
253807
234648
251886
255336
225040
242957
246218
249277
250372
238420
247451
248421
251186
235025
238119
245554
248560
249711
251222
250418
252107
250580
250978
237964
240765
233151
233503
196684
220726
247412
240343
259592
259464
242200
242347
241238
245439
263571
267113
265667
265909
269562
242561
266586
266102
265393
265081
261249
263944
265827
264581
266424
265971
264144
266333
265839
267115
265608
264228
261608
266456
267188
264344
266951
267228
267801
267435
264623
266948
265413
