7953797
110596
118207
112594
114673
110732
110705
108451
109456
117019
113297
115160
109504
110279
110916
113746
109164
115101
123734
116579
116334
114700
118922
123103
122088
115324
130206
126447
120667
121583
118456
121096
124305
119355
118530
120151
125550
132777
131754
136119
139873
134919
138206
137696
133965
136735
137088
140095
137996
135111
137320
139982
137283
136128
137235
133713
135532
134569
132285
133907
134002
134790
132908
131568
133029
134140
129992
134276
132301
138870
130340
126669
132838
130622
131129
135870
132770
133121
132058
129509
129195
131751
131886
129901
131877
131754
128747
126613
127058
124729
126741
0
