0
0
0
0
0
0
0
0
9834
11821
13216
22816
22479
22450
19742
22216
21488
21669
20068
22433
19671
23258
20512
20692
20801
20524
21730
20330
20921
22096
21693
23692
20533
23977
21972
21299
22621
20721
20100
19146
23591
22456
20987
21054
21541
21906
20078
22535
20795
22616
21383
21974
20878
19703
20164
20689
19563
20789
20172
22402
22988
22924
22916
21396
22561
23314
21123
20423
23027
20677
21244
21281
23234
22768
19842
20942
23348
22241
20162
20657
21271
20177
22123
21825
22732
21861
21005
21618
23159
20997
20734
