83.000000
1063.000000
1105.000000
1068.000000
787.000000
927.000000
1047.000000
1081.000000
116.000000
135.000000
558.000000
991.000000
1192.000000
95.000000
744.000000
863.000000
964.000000
310.000000
623.000000
587.000000
58.000000
230.000000
120.000000
79.000000
103.000000
27.000000
17.000000
118.000000
95.000000
31.000000
74.000000
15232.000000
50.000000
24.000000
43.000000
55.000000
27.000000
40.000000
121.000000
9.000000
9.000000
14.000000
46.000000
8350.000000
33.000000
69.000000
14331.000000
94.000000
21.000000
78.000000
21.000000
133.000000
14.000000
41.000000
33.000000
22.000000
44.000000
30.000000
87.000000
41.000000
37.000000
56.000000
33.000000
33.000000
9989.000000
66.000000
55.000000
74.000000
42.000000
29.000000
20.000000
77.000000
54.000000
46.000000
58.000000
39.000000
116.000000
85.000000
18.000000
70.000000
46.000000
31.000000
15.000000
15.000000
26.000000
45.000000
109.000000
30.000000
19.000000
21.000000
71.000000
22.000000
7.000000
78.000000
12.000000
113.000000
61.000000
50.000000
25.000000
50.000000
37.000000
38.000000
83.000000
26.000000
34.000000
77.000000
31.000000
93.000000
52.000000
49.000000
22.000000
37.000000
30.000000
67.000000
42.000000
19.000000
28.000000
29.000000
26.000000
46.000000
61.000000
86.000000
41.000000
7.000000
11.000000
40.000000
64.000000
54.000000
36.000000
36.000000
23.000000
75.000000
91.000000
31.000000
98.000000
67.000000
14.000000
14.000000
110.000000
88.000000
55.000000
29.000000
66.000000
26.000000
39.000000
42.000000
30.000000
8.000000
43.000000
49.000000
36.000000
147.000000
48.000000
42.000000
59.000000
67.000000
31.000000
38.000000
63.000000
16.000000
13.000000
8.000000
38.000000
33.000000
66.000000
33.000000
63.000000
71.000000
8.000000
67.000000
101.000000
121.000000
99.000000
33.000000
21.000000
78.000000
14381.000000
21.000000
39.000000
25.000000
75.000000
48.000000
35.000000
66.000000
46.000000
23.000000
41.000000
10.000000
78.000000
51.000000
31.000000
30.000000
106.000000
72.000000
57.000000
76.000000
14.000000
177.000000
27.000000
55.000000
73.000000
12.000000
91.000000
120.000000
88.000000
27.000000
32.000000
14.000000
64.000000
52.000000
27.000000
22.000000
40.000000
43.000000
133.000000
64.000000
11.000000
51.000000
14.000000
38.000000
139.000000
108.000000
55.000000
11.000000
27.000000
53.000000
30.000000
23.000000
61.000000
73.000000
139.000000
17.000000
94.000000
14.000000
51.000000
23.000000
51.000000
40.000000
51.000000
75.000000
31.000000
103.000000
62.000000
61.000000
30.000000
31.000000
45.000000
35.000000
68.000000
44.000000
53.000000
27.000000
25.000000
127.000000
54.000000
20.000000
60.000000
14753.000000
8.000000
29.000000
79.000000
87.000000
85.000000
13.000000
109.000000
38.000000
38.000000
51.000000
68.000000
16.000000
175.000000
76.000000
15.000000
46.000000
36.000000
49.000000
62.000000
9.000000
99.000000
117.000000
118.000000
44.000000
68.000000
26.000000
69.000000
35.000000
18710.000000
89.000000
27.000000
70.000000
29.000000
91.000000
42.000000
145.000000
46.000000
63.000000
25.000000
61.000000
47.000000
107.000000
53.000000
72.000000
36.000000
59.000000
29.000000
37.000000
9.000000
17.000000
60.000000
45.000000
99.000000
62.000000
51.000000
47.000000
18101.000000
76.000000
44.000000
101.000000
103.000000
43.000000
111.000000
85.000000
43.000000
34.000000
45.000000
21.000000
35.000000
81.000000
55.000000
84.000000
60.000000
86.000000
36.000000
12367.000000
33.000000
57.000000
58.000000
25.000000
68.000000
14.000000
27.000000
60.000000
136.000000
35.000000
7.000000
88.000000
51.000000
15511.000000
15.000000
14.000000
84.000000
122.000000
15.000000
69.000000
62.000000
14.000000
9.000000
96.000000
70.000000
26.000000
80.000000
57.000000
133.000000
86.000000
47.000000
41.000000
28.000000
13612.000000
15.000000
40.000000
99.000000
29.000000
72.000000
58.000000
25.000000
32.000000
22.000000
18.000000
40.000000
13.000000
24.000000
46.000000
32.000000
57.000000
170.000000
29.000000
46.000000
83.000000
35.000000
132.000000
68.000000
34.000000
86.000000
64.000000
86.000000
31.000000
15.000000
78.000000
14.000000
44.000000
28.000000
38.000000
29.000000
103.000000
34.000000
86.000000
44.000000
40.000000
8.000000
28.000000
39.000000
50.000000
13387.000000
79.000000
32.000000
14.000000
44.000000
31.000000
41.000000
83.000000
43.000000
59.000000
100.000000
50.000000
14.000000
64.000000
38.000000
68.000000
21.000000
45.000000
52.000000
83.000000
37.000000
33.000000
61.000000
22.000000
29.000000
139.000000
13808.000000
61.000000
51.000000
13.000000
26.000000
96.000000
48.000000
32.000000
19.000000
68.000000
72.000000
9.000000
81.000000
56.000000
114.000000
57.000000
87.000000
17.000000
39.000000
19.000000
38.000000
55.000000
7.000000
43.000000
7.000000
12849.000000
29.000000
31.000000
26.000000
13.000000
43.000000
89.000000
30.000000
196.000000
40.000000
16.000000
39.000000
56.000000
80.000000
42.000000
53.000000
6666.000000
76.000000
45.000000
109.000000
59.000000
55.000000
61.000000
59.000000
54.000000
8.000000
75.000000
63.000000
34.000000
64.000000
46.000000
48.000000
49.000000
19.000000
59.000000
57.000000
57.000000
63.000000
166.000000
32.000000
42.000000
113.000000
46.000000
50.000000
113.000000
72.000000
82.000000
70.000000
56.000000
89.000000
13.000000
13.000000
80.000000
35.000000
37.000000
76.000000
14.000000
53.000000
93.000000
132.000000
53.000000
71.000000
157.000000
50.000000
171.000000
45.000000
113.000000
51.000000
32.000000
77.000000
21.000000
61.000000
32.000000
10201.000000
78.000000
64.000000
35.000000
142.000000
39.000000
50.000000
17.000000
108.000000
61.000000
72.000000
44.000000
85.000000
54.000000
78.000000
61.000000
33.000000
22.000000
169.000000
89.000000
45.000000
91.000000
10.000000
32.000000
40.000000
49.000000
114.000000
26.000000
57.000000
104.000000
23.000000
27.000000
27.000000
71.000000
64.000000
99.000000
13462.000000
34.000000
29.000000
10.000000
31.000000
65.000000
58.000000
99.000000
53.000000
77.000000
34.000000
53.000000
76.000000
68.000000
77.000000
12336.000000
61.000000
38.000000
20.000000
15.000000
61.000000
150.000000
183.000000
26.000000
41.000000
33.000000
47.000000
44.000000
21.000000
13311.000000
23.000000
92.000000
88.000000
107.000000
60.000000
45.000000
47.000000
41.000000
75.000000
8.000000
145.000000
26.000000
8.000000
31.000000
27.000000
22.000000
88.000000
35.000000
46.000000
94.000000
121.000000
75.000000
33.000000
67.000000
35.000000
101.000000
28.000000
12926.000000
35.000000
78.000000
44.000000
43.000000
28.000000
112.000000
48.000000
53.000000
32.000000
77.000000
59.000000
123.000000
54.000000
11264.000000
54.000000
163.000000
27.000000
65.000000
53.000000
15687.000000
71.000000
92.000000
10.000000
54.000000
39.000000
79.000000
76.000000
102.000000
68.000000
53.000000
32.000000
45.000000
22.000000
34.000000
20.000000
37.000000
47.000000
65.000000
94.000000
115.000000
14.000000
53.000000
76.000000
100.000000
79.000000
31.000000
115.000000
53.000000
36.000000
15.000000
40.000000
56.000000
81.000000
59.000000
78.000000
34.000000
46.000000
60.000000
110.000000
55.000000
66.000000
46.000000
32.000000
92.000000
91.000000
58.000000
35.000000
42.000000
56.000000
104.000000
91.000000
11138.000000
29.000000
75.000000
92.000000
32.000000
11.000000
87.000000
76.000000
50.000000
34.000000
78.000000
64.000000
12945.000000
51.000000
24.000000
84.000000
137.000000
74.000000
100.000000
150.000000
121.000000
36.000000
60.000000
36.000000
139.000000
162.000000
36.000000
26.000000
45.000000
61.000000
35.000000
61.000000
42.000000
79.000000
72.000000
17.000000
29.000000
78.000000
84.000000
44.000000
61.000000
14272.000000
28.000000
29.000000
60.000000
13.000000
25.000000
54.000000
20.000000
16.000000
52.000000
34.000000
97.000000
81.000000
28.000000
26.000000
57.000000
90.000000
57.000000
72.000000
43.000000
31.000000
59.000000
49.000000
17.000000
62.000000
57.000000
91.000000
33.000000
15.000000
59.000000
88.000000
9370.000000
91.000000
67.000000
70.000000
26.000000
23.000000
41.000000
76.000000
142.000000
115.000000
21.000000
129.000000
51.000000
61.000000
78.000000
66.000000
69.000000
22.000000
102.000000
14371.000000
46.000000
28.000000
87.000000
54.000000
106.000000
29.000000
52.000000
91.000000
102.000000
90.000000
65.000000
84.000000
24.000000
78.000000
86.000000
86.000000
86.000000
142.000000
109.000000
225.000000
28.000000
88.000000
100.000000
31.000000
62.000000
109.000000
56.000000
95.000000
8.000000
67.000000
63.000000
39.000000
34.000000
40.000000
102.000000
34.000000
92.000000
20.000000
42.000000
48.000000
134.000000
94.000000
41.000000
67.000000
48.000000
81.000000
23.000000
150.000000
71.000000
36.000000
84.000000
72.000000
9816.000000
107.000000
37.000000
46.000000
78.000000
131.000000
8.000000
64.000000
71.000000
82.000000
86.000000
67.000000
134.000000
57.000000
105.000000
65.000000
68.000000
77.000000
67.000000
7.000000
61.000000
65.000000
40.000000
8572.000000
76.000000
42.000000
56.000000
28.000000
94.000000
114.000000
26.000000
81.000000
102.000000
77.000000
53.000000
44.000000
127.000000
85.000000
95.000000
56.000000
10368.000000
10085.000000
25.000000
54.000000
56.000000
49.000000
62.000000
74.000000
27.000000
48.000000
63.000000
50.000000
54.000000
54.000000
125.000000
116.000000
36.000000
25.000000
70.000000
8.000000
33.000000
74.000000
188.000000
125.000000
88.000000
51.000000
51.000000
67.000000
92.000000
117.000000
58.000000
32.000000
116.000000
86.000000
41.000000
25.000000
7.000000
45.000000
100.000000
34.000000
19.000000
45.000000
30.000000
29.000000
51.000000
71.000000
88.000000
92.000000
16.000000
67.000000
123.000000
57.000000
16.000000
46.000000
26.000000
79.000000
77.000000
73.000000
131.000000
77.000000
94.000000
51.000000
53.000000
42.000000
23.000000
87.000000
24.000000
148.000000
83.000000
129.000000
68.000000
8.000000
116.000000
25.000000
50.000000
35.000000
84.000000
136.000000
115.000000
51.000000
224.000000
45.000000
189.000000
114.000000
79.000000
33.000000
36.000000
80.000000
26.000000
100.000000
36.000000
121.000000
9018.000000
22.000000
89.000000
104.000000
20.000000
42.000000
14.000000
84.000000
14.000000
70.000000
86.000000
88.000000
26.000000
67.000000
92.000000
21.000000
26.000000
119.000000
67.000000
76.000000
9.000000
52.000000
47.000000
49.000000
32.000000
45.000000
29.000000
72.000000
46.000000
29.000000
181.000000
43.000000
29.000000
40.000000
38.000000
12773.000000
68.000000
28.000000
66.000000
31.000000
11.000000
27.000000
109.000000
68.000000
28.000000
45.000000
25.000000
41.000000
70.000000
34.000000
64.000000
20.000000
49.000000
25.000000
23.000000
13677.000000
97.000000
88.000000
96.000000
132.000000
47.000000
59.000000
20.000000
28.000000
23.000000
29.000000
90.000000
47.000000
85.000000
67.000000
10.000000
13.000000
7.000000
15.000000
69.000000
54.000000
57.000000
18.000000
15485.000000
12.000000
29.000000
50.000000
38.000000
50.000000
31.000000
77.000000
13322.000000
78.000000
30.000000
24.000000
17.000000
25.000000
48.000000
26.000000
33.000000
175.000000
35.000000
43.000000
70.000000
11.000000
18.000000
29.000000
23.000000
72.000000
42.000000
67.000000
82.000000
35.000000
55.000000
94.000000
76.000000
14166.000000
30.000000
19.000000
29.000000
56.000000
71.000000
15141.000000
42.000000
15.000000
36.000000
43.000000
43.000000
8.000000
40.000000
25.000000
18.000000
115.000000
14138.000000
23.000000
19.000000
44.000000
67.000000
47.000000
34.000000
76.000000
32.000000
58.000000
32.000000
47.000000
161.000000
50.000000
46.000000
45.000000
50.000000
15.000000
72.000000
61.000000
39.000000
29.000000
43.000000
65.000000
8933.000000
68.000000
62.000000
15.000000
31.000000
59.000000
64.000000
83.000000
56.000000
18.000000
58.000000
38.000000
40.000000
63.000000
24.000000
40.000000
66.000000
58.000000
100.000000
87.000000
88.000000
45.000000
19.000000
55.000000
41.000000
82.000000
69.000000
34.000000
49.000000
78.000000
42.000000
58.000000
85.000000
147.000000
27.000000
38.000000
11.000000
39.000000
33.000000
112.000000
41.000000
32.000000
102.000000
31.000000
18.000000
15559.000000
8.000000
32.000000
45.000000
298.000000
53.000000
17.000000
91.000000
51.000000
47.000000
152.000000
110.000000
37.000000
7.000000
83.000000
94.000000
6582.000000
84.000000
16.000000
48.000000
78.000000
35.000000
31.000000
107.000000
27.000000
22.000000
72.000000
15.000000
13513.000000
59.000000
45.000000
116.000000
69.000000
109.000000
105.000000
42.000000
44.000000
108.000000
61.000000
17.000000
26.000000
14.000000
38.000000
17.000000
61.000000
16.000000
60.000000
38.000000
51.000000
52.000000
35.000000
38.000000
85.000000
67.000000
168.000000
36.000000
60.000000
43.000000
67.000000
17.000000
64.000000
13.000000
32.000000
7.000000
21.000000
60.000000
36.000000
8.000000
74.000000
83.000000
39.000000
59.000000
44.000000
55.000000
74.000000
40.000000
67.000000
103.000000
68.000000
31.000000
70.000000
118.000000
19.000000
52.000000
31.000000
66.000000
139.000000
148.000000
26.000000
34.000000
55.000000
37.000000
120.000000
53.000000
39.000000
67.000000
156.000000
45.000000
72.000000
117.000000
13.000000
10.000000
126.000000
63.000000
33.000000
10.000000
32.000000
43.000000
9.000000
65.000000
44.000000
67.000000
71.000000
66.000000
70.000000
37.000000
27.000000
40.000000
32.000000
107.000000
63.000000
65.000000
79.000000
31.000000
141.000000
57.000000
98.000000
26.000000
112.000000
51.000000
134.000000
9.000000
16.000000
63.000000
14792.000000
50.000000
88.000000
43.000000
95.000000
54.000000
63.000000
135.000000
37.000000
35.000000
32.000000
53.000000
14.000000
54.000000
11.000000
15.000000
20.000000
33.000000
39.000000
84.000000
38.000000
109.000000
178.000000
29.000000
81.000000
145.000000
73.000000
39.000000
78.000000
78.000000
88.000000
62.000000
33.000000
55.000000
75.000000
58.000000
69.000000
11313.000000
89.000000
80.000000
123.000000
33.000000
19.000000
120.000000
58.000000
34.000000
34.000000
31.000000
75.000000
54.000000
28.000000
15.000000
49.000000
38.000000
48.000000
42.000000
133.000000
20.000000
45.000000
47.000000
59.000000
99.000000
10.000000
56.000000
155.000000
140.000000
94.000000
130.000000
82.000000
56.000000
42.000000
64.000000
92.000000
69.000000
52.000000
104.000000
50.000000
64.000000
109.000000
103.000000
117.000000
49.000000
30.000000
28.000000
35.000000
69.000000
38.000000
120.000000
155.000000
71.000000
22.000000
34.000000
58.000000
107.000000
37.000000
98.000000
14.000000
54.000000
45.000000
43.000000
64.000000
22.000000
86.000000
81.000000
77.000000
102.000000
41.000000
42.000000
43.000000
89.000000
70.000000
98.000000
10.000000
81.000000
70.000000
45.000000
92.000000
47.000000
27.000000
103.000000
66.000000
79.000000
36.000000
29.000000
98.000000
52.000000
37.000000
80.000000
108.000000
126.000000
27.000000
45.000000
132.000000
44.000000
114.000000
169.000000
62.000000
75.000000
16.000000
57.000000
79.000000
50.000000
142.000000
217.000000
13.000000
129.000000
118.000000
89.000000
59.000000
155.000000
136.000000
38.000000
31.000000
112.000000
45.000000
124.000000
8.000000
46.000000
94.000000
31.000000
16.000000
64.000000
56.000000
77.000000
24.000000
76.000000
62.000000
87.000000
100.000000
20.000000
88.000000
74.000000
39.000000
64.000000
70.000000
39.000000
20.000000
37.000000
95.000000
91.000000
88.000000
99.000000
31.000000
117.000000
15.000000
53.000000
53.000000
86.000000
65.000000
37.000000
62.000000
9.000000
34.000000
59.000000
30.000000
9.000000
72.000000
130.000000
37.000000
99.000000
18.000000
68.000000
132.000000
42.000000
14.000000
62.000000
71.000000
73.000000
33.000000
24.000000
47.000000
95.000000
68.000000
35.000000
23.000000
52.000000
107.000000
55.000000
28.000000
56.000000
29.000000
54.000000
54.000000
83.000000
72.000000
114.000000
50.000000
188.000000
9571.000000
146.000000
27.000000
81.000000
78.000000
43.000000
27.000000
94.000000
69.000000
36.000000
79.000000
63.000000
65.000000
54.000000
180.000000
38.000000
75.000000
104.000000
37.000000
71.000000
40.000000
26.000000
42.000000
30.000000
56.000000
69.000000
53.000000
58.000000
34.000000
59.000000
29.000000
74.000000
61.000000
93.000000
42.000000
48.000000
171.000000
22.000000
96.000000
111.000000
62.000000
154.000000
31.000000
76.000000
118.000000
81.000000
56.000000
67.000000
13165.000000
45.000000
81.000000
57.000000
107.000000
23.000000
41.000000
76.000000
23.000000
45.000000
30.000000
111.000000
74.000000
62.000000
36.000000
49.000000
91.000000
60.000000
61.000000
25.000000
55.000000
136.000000
106.000000
5101.000000
48.000000
55.000000
68.000000
31.000000
30.000000
33.000000
15408.000000
39.000000
63.000000
27.000000
5615.000000
42.000000
97.000000
61.000000
52.000000
15.000000
33.000000
44.000000
32.000000
53.000000
46.000000
72.000000
18.000000
59.000000
107.000000
46.000000
42.000000
24.000000
57.000000
32.000000
76.000000
56.000000
61.000000
87.000000
39.000000
11861.000000
42.000000
30.000000
42.000000
82.000000
8.000000
60.000000
63.000000
45.000000
59.000000
62.000000
48.000000
73.000000
33.000000
48.000000
108.000000
1905.000000
16.000000
33.000000
113.000000
92.000000
56.000000
9.000000
9.000000
50.000000
12.000000
43.000000
202.000000
37.000000
112.000000
44.000000
110.000000
29.000000
45.000000
81.000000
76.000000
78.000000
12707.000000
68.000000
152.000000
62.000000
113.000000
36.000000
76.000000
90.000000
74.000000
17.000000
54.000000
61.000000
84.000000
77.000000
113.000000
57.000000
29.000000
18.000000
54.000000
47.000000
86.000000
77.000000
34.000000
49.000000
47.000000
58.000000
104.000000
61.000000
31.000000
69.000000
7.000000
19.000000
81.000000
85.000000
60.000000
92.000000
48.000000
24.000000
54.000000
64.000000
37.000000
30.000000
47.000000
28.000000
36.000000
30.000000
25.000000
184.000000
8.000000
42.000000
34.000000
55.000000
72.000000
37.000000
80.000000
94.000000
88.000000
63.000000
86.000000
119.000000
76.000000
75.000000
66.000000
43.000000
50.000000
286.000000
114.000000
86.000000
12362.000000
41.000000
23.000000
86.000000
6.000000
93.000000
6.000000
85.000000
66.000000
45.000000
13.000000
38.000000
19.000000
14.000000
99.000000
85.000000
12499.000000
13.000000
28.000000
61.000000
40.000000
69.000000
8.000000
78.000000
106.000000
80.000000
123.000000
13.000000
117.000000
59.000000
9.000000
83.000000
34.000000
52.000000
30.000000
70.000000
56.000000
44.000000
21.000000
14250.000000
44.000000
43.000000
25.000000
151.000000
39.000000
67.000000
81.000000
58.000000
190.000000
110.000000
78.000000
69.000000
57.000000
81.000000
26.000000
56.000000
35.000000
34.000000
83.000000
54.000000
97.000000
105.000000
137.000000
60.000000
33.000000
68.000000
104.000000
48.000000
76.000000
16.000000
15.000000
20.000000
56.000000
22.000000
42.000000
56.000000
34.000000
74.000000
174.000000
39.000000
53.000000
47.000000
18.000000
9.000000
172.000000
118.000000
43.000000
10.000000
86.000000
49.000000
40.000000
85.000000
62.000000
30.000000
139.000000
66.000000
64.000000
40.000000
46.000000
111.000000
27.000000
58.000000
38.000000
29.000000
57.000000
44.000000
31.000000
82.000000
34.000000
35.000000
67.000000
20.000000
77.000000
59.000000
59.000000
59.000000
8.000000
118.000000
11325.000000
72.000000
85.000000
34.000000
95.000000
74.000000
63.000000
67.000000
70.000000
10308.000000
98.000000
72.000000
97.000000
96.000000
76.000000
7.000000
83.000000
70.000000
57.000000
62.000000
84.000000
53.000000
57.000000
106.000000
54.000000
131.000000
123.000000
52.000000
34.000000
37.000000
123.000000
49.000000
64.000000
114.000000
70.000000
62.000000
57.000000
56.000000
25.000000
85.000000
20.000000
109.000000
98.000000
105.000000
81.000000
149.000000
15.000000
75.000000
57.000000
60.000000
55.000000
52.000000
11.000000
53.000000
25.000000
105.000000
139.000000
15.000000
48.000000
48.000000
8.000000
32.000000
30.000000
96.000000
42.000000
63.000000
9.000000
98.000000
95.000000
45.000000
9.000000
30.000000
70.000000
11.000000
86.000000
23.000000
40.000000
48.000000
79.000000
110.000000
86.000000
27.000000
33.000000
21.000000
21.000000
28.000000
62.000000
105.000000
96.000000
122.000000
202.000000
39.000000
98.000000
16.000000
104.000000
89.000000
66.000000
52.000000
44.000000
90.000000
94.000000
63.000000
78.000000
87.000000
64.000000
67.000000
82.000000
18.000000
42.000000
31.000000
41.000000
58.000000
47.000000
48.000000
12331.000000
49.000000
58.000000
64.000000
60.000000
61.000000
32.000000
56.000000
27.000000
77.000000
69.000000
46.000000
83.000000
43.000000
163.000000
41.000000
37.000000
71.000000
77.000000
35.000000
46.000000
59.000000
79.000000
54.000000
37.000000
99.000000
118.000000
39.000000
63.000000
47.000000
49.000000
36.000000
44.000000
26.000000
54.000000
87.000000
96.000000
65.000000
35.000000
108.000000
54.000000
57.000000
63.000000
110.000000
81.000000
39.000000
43.000000
51.000000
22.000000
72.000000
57.000000
283.000000
49.000000
19.000000
51.000000
76.000000
81.000000
184.000000
8.000000
57.000000
39.000000
80.000000
15.000000
28.000000
106.000000
67.000000
81.000000
30.000000
46.000000
51.000000
101.000000
31.000000
11.000000
50.000000
22.000000
22.000000
59.000000
51.000000
86.000000
44.000000
40.000000
10579.000000
79.000000
59.000000
56.000000
60.000000
33.000000
58.000000
19.000000
48.000000
131.000000
125.000000
9.000000
65.000000
57.000000
46.000000
93.000000
59.000000
67.000000
66.000000
70.000000
28.000000
17.000000
77.000000
132.000000
23.000000
36.000000
40.000000
63.000000
96.000000
9.000000
79.000000
89.000000
22.000000
236.000000
65.000000
66.000000
136.000000
12366.000000
171.000000
37.000000
68.000000
16.000000
46.000000
81.000000
82.000000
23.000000
52.000000
28.000000
59.000000
24.000000
33.000000
53.000000
59.000000
43.000000
30.000000
96.000000
50.000000
69.000000
36.000000
45.000000
46.000000
74.000000
65.000000
139.000000
89.000000
39.000000
52.000000
19.000000
68.000000
71.000000
130.000000
193.000000
41.000000
88.000000
68.000000
10176.000000
12076.000000
38.000000
93.000000
117.000000
123.000000
24.000000
33.000000
98.000000
79.000000
174.000000
59.000000
39.000000
83.000000
40.000000
38.000000
60.000000
75.000000
58.000000
19.000000
23.000000
95.000000
48.000000
105.000000
101.000000
53.000000
134.000000
46.000000
17.000000
16.000000
13.000000
49.000000
50.000000
32.000000
68.000000
70.000000
62.000000
60.000000
52.000000
117.000000
8.000000
44.000000
56.000000
100.000000
36.000000
71.000000
17.000000
87.000000
67.000000
18.000000
49.000000
62.000000
78.000000
75.000000
25.000000
45.000000
137.000000
48.000000
31.000000
47.000000
33.000000
64.000000
105.000000
56.000000
120.000000
15.000000
22.000000
92.000000
7.000000
67.000000
12721.000000
187.000000
74.000000
23.000000
41.000000
84.000000
66.000000
33.000000
47.000000
90.000000
12.000000
55.000000
81.000000
84.000000
86.000000
77.000000
63.000000
36.000000
27.000000
82.000000
175.000000
28.000000
149.000000
49.000000
130.000000
92.000000
161.000000
40.000000
30.000000
36.000000
39.000000
21.000000
32.000000
22.000000
82.000000
85.000000
14275.000000
108.000000
43.000000
78.000000
15.000000
63.000000
21.000000
58.000000
102.000000
57.000000
48.000000
31.000000
39.000000
98.000000
96.000000
21.000000
58.000000
64.000000
80.000000
35.000000
194.000000
66.000000
46.000000
66.000000
67.000000
62.000000
23.000000
12005.000000
118.000000
58.000000
79.000000
89.000000
76.000000
24.000000
40.000000
48.000000
79.000000
39.000000
34.000000
46.000000
21.000000
41.000000
80.000000
125.000000
155.000000
36.000000
59.000000
60.000000
73.000000
48.000000
21.000000
76.000000
58.000000
74.000000
66.000000
26.000000
154.000000
86.000000
83.000000
91.000000
68.000000
117.000000
8.000000
44.000000
41.000000
100.000000
41.000000
3583.000000
49.000000
14.000000
46.000000
19.000000
30.000000
72.000000
80.000000
31.000000
20.000000
66.000000
60.000000
136.000000
65.000000
135.000000
23.000000
121.000000
86.000000
87.000000
80.000000
40.000000
14.000000
21.000000
83.000000
35.000000
79.000000
93.000000
83.000000
40.000000
86.000000
21.000000
15.000000
69.000000
49.000000
53.000000
28.000000
46.000000
60.000000
36.000000
24.000000
43.000000
91.000000
21.000000
100.000000
50.000000
15.000000
59.000000
43.000000
23.000000
65.000000
29.000000
35.000000
79.000000
14002.000000
74.000000
45.000000
10.000000
23.000000
58.000000
84.000000
32.000000
38.000000
27.000000
16076.000000
17.000000
39.000000
36.000000
44.000000
8.000000
67.000000
9.000000
11976.000000
71.000000
24.000000
50.000000
34.000000
8.000000
55.000000
87.000000
62.000000
73.000000
33.000000
8.000000
53.000000
42.000000
27.000000
55.000000
68.000000
96.000000
73.000000
93.000000
106.000000
41.000000
79.000000
130.000000
68.000000
110.000000
35.000000
96.000000
82.000000
29.000000
34.000000
88.000000
139.000000
42.000000
47.000000
39.000000
16.000000
42.000000
10263.000000
83.000000
93.000000
76.000000
182.000000
15.000000
95.000000
54.000000
29.000000
62.000000
41.000000
77.000000
29.000000
50.000000
19.000000
73.000000
33.000000
54.000000
88.000000
85.000000
73.000000
52.000000
116.000000
120.000000
57.000000
69.000000
40.000000
74.000000
41.000000
61.000000
56.000000
39.000000
196.000000
42.000000
147.000000
40.000000
13.000000
64.000000
103.000000
164.000000
21.000000
74.000000
28.000000
115.000000
48.000000
24.000000
40.000000
82.000000
64.000000
15.000000
53.000000
56.000000
47.000000
93.000000
91.000000
122.000000
85.000000
141.000000
94.000000
26.000000
67.000000
44.000000
37.000000
9.000000
28.000000
16584.000000
41.000000
44.000000
25.000000
86.000000
57.000000
114.000000
100.000000
130.000000
31.000000
37.000000
90.000000
67.000000
44.000000
59.000000
9.000000
32.000000
35.000000
34.000000
68.000000
8.000000
14.000000
29.000000
68.000000
23.000000
25.000000
33.000000
91.000000
77.000000
13937.000000
100.000000
56.000000
76.000000
76.000000
81.000000
57.000000
88.000000
38.000000
67.000000
13220.000000
102.000000
50.000000
33.000000
63.000000
27.000000
74.000000
134.000000
49.000000
22.000000
46.000000
18.000000
66.000000
25.000000
63.000000
30.000000
73.000000
151.000000
27.000000
11.000000
43.000000
85.000000
77.000000
39.000000
72.000000
58.000000
55.000000
29.000000
107.000000
113.000000
23.000000
45.000000
95.000000
34.000000
46.000000
129.000000
131.000000
54.000000
89.000000
82.000000
41.000000
21.000000
71.000000
122.000000
28.000000
40.000000
99.000000
52.000000
10.000000
47.000000
7.000000
45.000000
52.000000
50.000000
14.000000
47.000000
47.000000
119.000000
10.000000
61.000000
57.000000
15.000000
106.000000
68.000000
60.000000
8.000000
30.000000
95.000000
40.000000
54.000000
53.000000
84.000000
154.000000
49.000000
60.000000
59.000000
47.000000
23.000000
96.000000
71.000000
84.000000
30.000000
147.000000
52.000000
12.000000
53.000000
60.000000
19.000000
9606.000000
28.000000
31.000000
33.000000
70.000000
56.000000
89.000000
30.000000
39.000000
119.000000
118.000000
22.000000
54.000000
77.000000
10.000000
54.000000
72.000000
70.000000
27.000000
69.000000
79.000000
12311.000000
60.000000
45.000000
82.000000
47.000000
75.000000
11824.000000
86.000000
32.000000
11833.000000
91.000000
102.000000
54.000000
21.000000
84.000000
93.000000
46.000000
78.000000
132.000000
65.000000
23.000000
44.000000
104.000000
17.000000
53.000000
13.000000
74.000000
97.000000
87.000000
81.000000
70.000000
77.000000
36.000000
101.000000
100.000000
116.000000
72.000000
65.000000
102.000000
15.000000
42.000000
111.000000
48.000000
56.000000
44.000000
26.000000
61.000000
26.000000
105.000000
151.000000
35.000000
114.000000
75.000000
39.000000
39.000000
14.000000
9.000000
68.000000
70.000000
27.000000
22.000000
26.000000
149.000000
86.000000
31.000000
52.000000
39.000000
20.000000
6.000000
67.000000
48.000000
7.000000
62.000000
63.000000
15.000000
10.000000
15.000000
34.000000
57.000000
26.000000
90.000000
108.000000
147.000000
95.000000
114.000000
23.000000
21.000000
79.000000
55.000000
96.000000
114.000000
151.000000
17.000000
153.000000
22.000000
64.000000
39.000000
63.000000
15.000000
60.000000
76.000000
71.000000
118.000000
57.000000
10.000000
46.000000
67.000000
44.000000
62.000000
34.000000
39.000000
64.000000
78.000000
136.000000
82.000000
46.000000
32.000000
118.000000
30.000000
137.000000
34.000000
45.000000
86.000000
99.000000
47.000000
26.000000
19542.000000
13.000000
25.000000
61.000000
49.000000
76.000000
25.000000
31.000000
44.000000
19.000000
32.000000
36.000000
52.000000
53.000000
53.000000
59.000000
95.000000
50.000000
51.000000
147.000000
47.000000
73.000000
28.000000
12.000000
59.000000
73.000000
41.000000
128.000000
42.000000
60.000000
63.000000
68.000000
64.000000
101.000000
24.000000
11.000000
54.000000
31.000000
83.000000
49.000000
11.000000
246.000000
82.000000
136.000000
42.000000
20.000000
25.000000
36.000000
122.000000
106.000000
11.000000
49.000000
28.000000
45.000000
140.000000
11492.000000
20.000000
89.000000
60.000000
50.000000
74.000000
66.000000
62.000000
53.000000
18.000000
113.000000
52.000000
22.000000
38.000000
58.000000
10.000000
29.000000
37.000000
69.000000
41.000000
9639.000000
39.000000
79.000000
73.000000
29.000000
39.000000
30.000000
40.000000
66.000000
53.000000
56.000000
31.000000
46.000000
60.000000
58.000000
48.000000
35.000000
81.000000
130.000000
30.000000
135.000000
73.000000
84.000000
23.000000
114.000000
11117.000000
20.000000
28.000000
50.000000
41.000000
7.000000
73.000000
98.000000
13796.000000
56.000000
62.000000
64.000000
78.000000
37.000000
71.000000
45.000000
37.000000
47.000000
160.000000
12777.000000
121.000000
95.000000
101.000000
45.000000
54.000000
94.000000
109.000000
49.000000
79.000000
58.000000
55.000000
88.000000
84.000000
32.000000
55.000000
37.000000
75.000000
57.000000
142.000000
80.000000
58.000000
118.000000
57.000000
66.000000
32.000000
33.000000
50.000000
122.000000
28.000000
21.000000
49.000000
60.000000
89.000000
56.000000
73.000000
31.000000
60.000000
23.000000
52.000000
45.000000
68.000000
146.000000
41.000000
22.000000
58.000000
89.000000
85.000000
67.000000
32.000000
75.000000
43.000000
73.000000
17.000000
24.000000
33.000000
98.000000
35.000000
75.000000
48.000000
96.000000
44.000000
5853.000000
38.000000
77.000000
26.000000
73.000000
108.000000
42.000000
79.000000
91.000000
38.000000
48.000000
28.000000
14.000000
40.000000
10.000000
95.000000
33.000000
65.000000
39.000000
102.000000
95.000000
71.000000
83.000000
51.000000
30.000000
39.000000
34.000000
29.000000
64.000000
75.000000
63.000000
9.000000
81.000000
64.000000
103.000000
122.000000
47.000000
41.000000
17.000000
48.000000
54.000000
61.000000
8.000000
30.000000
29.000000
57.000000
28.000000
22.000000
64.000000
29.000000
81.000000
92.000000
32.000000
27.000000
73.000000
8.000000
6542.000000
26.000000
42.000000
25.000000
72.000000
21.000000
51.000000
46.000000
25.000000
21.000000
175.000000
74.000000
69.000000
47.000000
70.000000
119.000000
137.000000
33.000000
28.000000
11469.000000
38.000000
66.000000
72.000000
51.000000
9.000000
11.000000
66.000000
131.000000
67.000000
29.000000
30.000000
99.000000
55.000000
75.000000
46.000000
24.000000
65.000000
44.000000
53.000000
30.000000
14.000000
15.000000
39.000000
21.000000
95.000000
66.000000
143.000000
53.000000
48.000000
50.000000
19.000000
13591.000000
99.000000
55.000000
55.000000
55.000000
90.000000
56.000000
96.000000
131.000000
45.000000
73.000000
49.000000
97.000000
45.000000
35.000000
48.000000
8.000000
81.000000
42.000000
105.000000
32.000000
53.000000
60.000000
83.000000
53.000000
45.000000
51.000000
69.000000
18.000000
90.000000
103.000000
67.000000
22.000000
107.000000
96.000000
81.000000
43.000000
69.000000
35.000000
42.000000
81.000000
30.000000
112.000000
16.000000
57.000000
66.000000
80.000000
25.000000
16.000000
52.000000
71.000000
51.000000
67.000000
46.000000
54.000000
55.000000
118.000000
44.000000
46.000000
65.000000
63.000000
54.000000
76.000000
58.000000
83.000000
65.000000
60.000000
96.000000
62.000000
152.000000
35.000000
83.000000
145.000000
57.000000
48.000000
41.000000
84.000000
80.000000
65.000000
27.000000
50.000000
35.000000
66.000000
91.000000
69.000000
27.000000
55.000000
27.000000
84.000000
90.000000
102.000000
22.000000
82.000000
161.000000
166.000000
38.000000
84.000000
87.000000
98.000000
10197.000000
81.000000
67.000000
29.000000
49.000000
12.000000
36.000000
98.000000
25.000000
28.000000
87.000000
50.000000
36.000000
51.000000
67.000000
8.000000
9.000000
36.000000
39.000000
84.000000
12.000000
42.000000
17.000000
80.000000
92.000000
11595.000000
29.000000
39.000000
55.000000
79.000000
132.000000
59.000000
201.000000
53.000000
74.000000
54.000000
78.000000
71.000000
37.000000
29.000000
32.000000
61.000000
29.000000
45.000000
97.000000
16.000000
21.000000
37.000000
101.000000
34.000000
62.000000
71.000000
114.000000
46.000000
74.000000
61.000000
59.000000
27.000000
58.000000
41.000000
61.000000
27.000000
49.000000
89.000000
45.000000
74.000000
41.000000
50.000000
41.000000
45.000000
45.000000
45.000000
46.000000
21.000000
63.000000
48.000000
78.000000
137.000000
37.000000
64.000000
30.000000
36.000000
98.000000
96.000000
40.000000
82.000000
7.000000
41.000000
92.000000
45.000000
96.000000
54.000000
59.000000
47.000000
44.000000
134.000000
56.000000
72.000000
149.000000
53.000000
88.000000
14823.000000
86.000000
47.000000
175.000000
71.000000
42.000000
62.000000
71.000000
93.000000
80.000000
48.000000
14.000000
21.000000
41.000000
40.000000
115.000000
41.000000
58.000000
31.000000
90.000000
70.000000
93.000000
99.000000
14.000000
19.000000
79.000000
176.000000
9.000000
44.000000
31.000000
39.000000
60.000000
38.000000
47.000000
90.000000
59.000000
84.000000
68.000000
45.000000
49.000000
76.000000
87.000000
94.000000
97.000000
109.000000
65.000000
21.000000
30.000000
13087.000000
51.000000
43.000000
13069.000000
30.000000
15.000000
16.000000
15.000000
56.000000
35.000000
110.000000
32.000000
95.000000
58.000000
101.000000
120.000000
39.000000
74.000000
21.000000
15198.000000
31.000000
39.000000
84.000000
37.000000
27.000000
59.000000
18.000000
36.000000
87.000000
60.000000
99.000000
103.000000
58.000000
104.000000
12852.000000
44.000000
50.000000
131.000000
24.000000
94.000000
62.000000
61.000000
64.000000
33.000000
87.000000
41.000000
40.000000
126.000000
24.000000
111.000000
129.000000
46.000000
51.000000
18.000000
90.000000
101.000000
57.000000
119.000000
51.000000
61.000000
95.000000
99.000000
193.000000
106.000000
38.000000
52.000000
85.000000
66.000000
33.000000
18.000000
120.000000
28.000000
55.000000
66.000000
91.000000
24.000000
75.000000
46.000000
85.000000
40.000000
61.000000
65.000000
90.000000
32.000000
60.000000
11125.000000
83.000000
166.000000
52.000000
56.000000
67.000000
59.000000
22.000000
59.000000
61.000000
33.000000
67.000000
39.000000
14414.000000
78.000000
29.000000
76.000000
25.000000
25.000000
87.000000
62.000000
64.000000
67.000000
19.000000
105.000000
73.000000
12632.000000
23.000000
36.000000
51.000000
60.000000
52.000000
108.000000
40.000000
48.000000
15.000000
64.000000
60.000000
75.000000
96.000000
52.000000
32.000000
68.000000
35.000000
39.000000
76.000000
52.000000
146.000000
38.000000
19.000000
48.000000
66.000000
28.000000
9.000000
24.000000
72.000000
74.000000
54.000000
35.000000
67.000000
73.000000
60.000000
100.000000
68.000000
71.000000
71.000000
77.000000
149.000000
100.000000
142.000000
18.000000
61.000000
138.000000
36.000000
50.000000
84.000000
88.000000
108.000000
50.000000
32.000000
125.000000
29.000000
88.000000
133.000000
68.000000
88.000000
67.000000
115.000000
102.000000
126.000000
38.000000
44.000000
32.000000
137.000000
14678.000000
20.000000
79.000000
55.000000
59.000000
62.000000
53.000000
11735.000000
95.000000
49.000000
37.000000
61.000000
49.000000
27.000000
45.000000
42.000000
29.000000
61.000000
87.000000
60.000000
63.000000
49.000000
30.000000
106.000000
39.000000
32.000000
90.000000
82.000000
63.000000
13170.000000
16.000000
82.000000
53.000000
37.000000
45.000000
83.000000
45.000000
68.000000
65.000000
12923.000000
24.000000
74.000000
65.000000
10774.000000
23.000000
12.000000
44.000000
87.000000
66.000000
13954.000000
53.000000
98.000000
83.000000
32.000000
41.000000
83.000000
32.000000
48.000000
84.000000
102.000000
54.000000
64.000000
56.000000
34.000000
63.000000
58.000000
53.000000
27.000000
117.000000
24.000000
67.000000
13877.000000
85.000000
90.000000
52.000000
86.000000
115.000000
56.000000
51.000000
62.000000
44.000000
8.000000
76.000000
43.000000
66.000000
96.000000
59.000000
30.000000
94.000000
84.000000
46.000000
158.000000
57.000000
71.000000
52.000000
29.000000
62.000000
126.000000
118.000000
29.000000
61.000000
8.000000
53.000000
69.000000
18.000000
71.000000
52.000000
31.000000
25.000000
61.000000
36.000000
99.000000
31.000000
49.000000
130.000000
63.000000
71.000000
71.000000
28.000000
74.000000
59.000000
67.000000
58.000000
50.000000
48.000000
17.000000
53.000000
187.000000
46.000000
114.000000
39.000000
66.000000
32.000000
38.000000
14.000000
107.000000
66.000000
166.000000
87.000000
63.000000
65.000000
145.000000
11.000000
42.000000
137.000000
201.000000
126.000000
68.000000
45.000000
14.000000
23.000000
99.000000
109.000000
59.000000
65.000000
29.000000
13510.000000
37.000000
23.000000
68.000000
19.000000
75.000000
79.000000
43.000000
80.000000
108.000000
52.000000
13.000000
64.000000
107.000000
37.000000
32.000000
23.000000
34.000000
116.000000
14.000000
22.000000
12794.000000
111.000000
76.000000
65.000000
34.000000
59.000000
24.000000
12216.000000
9.000000
40.000000
33.000000
55.000000
137.000000
66.000000
9.000000
8.000000
46.000000
34.000000
20.000000
85.000000
13.000000
49.000000
33.000000
81.000000
90.000000
15.000000
53.000000
105.000000
48.000000
37.000000
62.000000
74.000000
33.000000
105.000000
61.000000
61.000000
31.000000
56.000000
35.000000
56.000000
67.000000
21.000000
107.000000
15.000000
24.000000
56.000000
30.000000
40.000000
34.000000
83.000000
116.000000
31.000000
121.000000
87.000000
71.000000
24.000000
88.000000
43.000000
36.000000
50.000000
74.000000
25.000000
92.000000
63.000000
9.000000
161.000000
126.000000
36.000000
23.000000
84.000000
50.000000
9.000000
133.000000
114.000000
63.000000
74.000000
25.000000
24.000000
13177.000000
28.000000
35.000000
24.000000
36.000000
16.000000
67.000000
45.000000
48.000000
15054.000000
86.000000
35.000000
91.000000
103.000000
46.000000
113.000000
48.000000
51.000000
69.000000
12400.000000
39.000000
131.000000
40.000000
39.000000
43.000000
52.000000
52.000000
28.000000
9.000000
86.000000
43.000000
151.000000
34.000000
73.000000
81.000000
26.000000
57.000000
11.000000
14.000000
51.000000
37.000000
105.000000
37.000000
46.000000
78.000000
30.000000
54.000000
23.000000
28.000000
13417.000000
170.000000
71.000000
99.000000
18.000000
36.000000
10.000000
83.000000
54.000000
25.000000
66.000000
83.000000
56.000000
101.000000
102.000000
64.000000
99.000000
40.000000
48.000000
40.000000
54.000000
35.000000
72.000000
72.000000
47.000000
10.000000
141.000000
119.000000
10.000000
36.000000
22.000000
66.000000
38.000000
36.000000
36.000000
46.000000
169.000000
60.000000
43.000000
24.000000
61.000000
35.000000
64.000000
69.000000
27.000000
25.000000
68.000000
61.000000
80.000000
58.000000
46.000000
29.000000
21.000000
74.000000
19.000000
45.000000
32.000000
53.000000
98.000000
57.000000
25.000000
50.000000
106.000000
51.000000
38.000000
26.000000
42.000000
90.000000
62.000000
21.000000
34.000000
63.000000
143.000000
35.000000
16.000000
30.000000
32.000000
112.000000
42.000000
17132.000000
69.000000
43.000000
12104.000000
51.000000
16778.000000
129.000000
46.000000
116.000000
88.000000
9.000000
49.000000
14.000000
56.000000
72.000000
58.000000
125.000000
49.000000
102.000000
20.000000
104.000000
19.000000
63.000000
13.000000
126.000000
50.000000
88.000000
68.000000
12.000000
77.000000
82.000000
36.000000
112.000000
121.000000
25.000000
103.000000
116.000000
73.000000
52.000000
43.000000
43.000000
75.000000
118.000000
23.000000
30.000000
36.000000
25.000000
108.000000
17.000000
152.000000
9.000000
40.000000
52.000000
46.000000
74.000000
74.000000
28.000000
45.000000
93.000000
46.000000
52.000000
65.000000
39.000000
18.000000
72.000000
34.000000
22.000000
123.000000
107.000000
35.000000
32.000000
151.000000
62.000000
89.000000
48.000000
13754.000000
144.000000
91.000000
45.000000
65.000000
50.000000
52.000000
81.000000
36.000000
62.000000
40.000000
9.000000
14.000000
81.000000
50.000000
98.000000
37.000000
68.000000
10917.000000
33.000000
105.000000
78.000000
62.000000
225.000000
38.000000
23.000000
110.000000
81.000000
27.000000
54.000000
44.000000
60.000000
22.000000
24.000000
38.000000
52.000000
44.000000
67.000000
19.000000
52.000000
139.000000
58.000000
81.000000
66.000000
31.000000
31.000000
120.000000
55.000000
44.000000
19.000000
15015.000000
14.000000
53.000000
76.000000
81.000000
93.000000
58.000000
45.000000
75.000000
66.000000
58.000000
48.000000
30.000000
41.000000
40.000000
48.000000
86.000000
31.000000
116.000000
65.000000
39.000000
23.000000
80.000000
116.000000
40.000000
28.000000
28.000000
50.000000
72.000000
16.000000
14.000000
117.000000
31.000000
89.000000
78.000000
59.000000
46.000000
70.000000
30.000000
29.000000
57.000000
34.000000
51.000000
74.000000
42.000000
54.000000
22.000000
45.000000
97.000000
94.000000
72.000000
56.000000
73.000000
68.000000
39.000000
70.000000
103.000000
74.000000
59.000000
48.000000
35.000000
69.000000
85.000000
59.000000
28.000000
61.000000
172.000000
26.000000
108.000000
75.000000
20.000000
38.000000
133.000000
127.000000
56.000000
61.000000
32.000000
47.000000
37.000000
34.000000
16.000000
75.000000
102.000000
37.000000
61.000000
71.000000
31.000000
30.000000
41.000000
43.000000
28.000000
26.000000
8.000000
68.000000
31.000000
89.000000
45.000000
62.000000
12195.000000
15.000000
64.000000
108.000000
19.000000
35.000000
159.000000
64.000000
38.000000
13.000000
49.000000
126.000000
86.000000
34.000000
37.000000
173.000000
15.000000
21.000000
46.000000
104.000000
134.000000
13.000000
215.000000
43.000000
98.000000
31.000000
157.000000
14061.000000
23.000000
55.000000
30.000000
72.000000
13.000000
27.000000
66.000000
32.000000
14.000000
26.000000
38.000000
12014.000000
42.000000
50.000000
40.000000
152.000000
77.000000
81.000000
73.000000
40.000000
84.000000
15.000000
65.000000
22.000000
16.000000
14.000000
57.000000
56.000000
25.000000
25.000000
130.000000
23.000000
23.000000
28.000000
61.000000
198.000000
88.000000
85.000000
83.000000
75.000000
149.000000
45.000000
39.000000
43.000000
76.000000
58.000000
100.000000
56.000000
73.000000
43.000000
65.000000
92.000000
79.000000
43.000000
12.000000
19.000000
19.000000
19.000000
75.000000
101.000000
117.000000
65.000000
67.000000
120.000000
23.000000
97.000000
57.000000
63.000000
22.000000
65.000000
27.000000
10113.000000
36.000000
102.000000
32.000000
22.000000
120.000000
82.000000
20.000000
27.000000
56.000000
18.000000
55.000000
37.000000
56.000000
74.000000
73.000000
16.000000
56.000000
29.000000
56.000000
89.000000
28.000000
152.000000
174.000000
103.000000
20.000000
40.000000
49.000000
19460.000000
48.000000
110.000000
184.000000
44.000000
52.000000
21.000000
54.000000
52.000000
71.000000
37.000000
8.000000
55.000000
85.000000
82.000000
52.000000
83.000000
41.000000
32.000000
87.000000
29.000000
107.000000
53.000000
76.000000
87.000000
28.000000
38.000000
30.000000
42.000000
8.000000
206.000000
85.000000
71.000000
89.000000
18.000000
84.000000
105.000000
54.000000
99.000000
40.000000
38.000000
41.000000
18.000000
36.000000
13323.000000
11.000000
45.000000
65.000000
82.000000
80.000000
61.000000
59.000000
61.000000
66.000000
68.000000
36.000000
83.000000
13.000000
26.000000
65.000000
79.000000
9.000000
65.000000
57.000000
23.000000
29.000000
33.000000
52.000000
38.000000
66.000000
12.000000
75.000000
25.000000
63.000000
27.000000
31.000000
51.000000
33.000000
31.000000
130.000000
13.000000
39.000000
48.000000
130.000000
50.000000
68.000000
69.000000
34.000000
50.000000
11554.000000
30.000000
26.000000
121.000000
96.000000
38.000000
19.000000
36.000000
114.000000
79.000000
72.000000
33.000000
49.000000
32.000000
87.000000
25.000000
20.000000
18836.000000
37.000000
57.000000
51.000000
45.000000
66.000000
27.000000
49.000000
59.000000
10.000000
51.000000
35.000000
41.000000
20.000000
48.000000
45.000000
21.000000
56.000000
23.000000
26.000000
57.000000
53.000000
121.000000
80.000000
12.000000
52.000000
79.000000
19.000000
17.000000
41.000000
49.000000
77.000000
56.000000
53.000000
67.000000
61.000000
112.000000
70.000000
36.000000
29.000000
80.000000
47.000000
76.000000
55.000000
41.000000
43.000000
13.000000
52.000000
61.000000
132.000000
53.000000
79.000000
116.000000
111.000000
38.000000
131.000000
61.000000
47.000000
22.000000
57.000000
56.000000
70.000000
49.000000
28.000000
112.000000
194.000000
14.000000
49.000000
10.000000
29.000000
25.000000
67.000000
57.000000
88.000000
39.000000
40.000000
62.000000
45.000000
79.000000
55.000000
13.000000
59.000000
85.000000
119.000000
104.000000
52.000000
43.000000
173.000000
49.000000
28.000000
45.000000
22.000000
52.000000
90.000000
46.000000
100.000000
22.000000
118.000000
77.000000
47.000000
69.000000
33.000000
46.000000
39.000000
44.000000
28.000000
15.000000
165.000000
32.000000
36.000000
62.000000
14.000000
133.000000
143.000000
19.000000
51.000000
46.000000
24.000000
35.000000
58.000000
72.000000
40.000000
40.000000
97.000000
88.000000
66.000000
118.000000
62.000000
84.000000
90.000000
83.000000
65.000000
96.000000
65.000000
37.000000
24.000000
84.000000
66.000000
66.000000
102.000000
42.000000
68.000000
92.000000
69.000000
47.000000
22.000000
95.000000
47.000000
52.000000
20.000000
43.000000
141.000000
43.000000
54.000000
34.000000
70.000000
60.000000
88.000000
47.000000
66.000000
13.000000
25.000000
56.000000
62.000000
76.000000
57.000000
143.000000
187.000000
66.000000
54.000000
39.000000
10.000000
62.000000
139.000000
26.000000
14822.000000
82.000000
23.000000
43.000000
9.000000
40.000000
67.000000
10.000000
27.000000
145.000000
75.000000
92.000000
70.000000
62.000000
95.000000
94.000000
73.000000
121.000000
93.000000
67.000000
150.000000
74.000000
34.000000
42.000000
39.000000
132.000000
65.000000
87.000000
64.000000
36.000000
67.000000
64.000000
63.000000
95.000000
95.000000
33.000000
85.000000
53.000000
78.000000
19.000000
18.000000
56.000000
10699.000000
275.000000
54.000000
87.000000
19.000000
42.000000
116.000000
65.000000
60.000000
44.000000
67.000000
47.000000
48.000000
68.000000
13355.000000
31.000000
17.000000
140.000000
100.000000
26.000000
101.000000
60.000000
129.000000
125.000000
62.000000
90.000000
73.000000
29.000000
226.000000
40.000000
106.000000
42.000000
123.000000
34.000000
76.000000
65.000000
15.000000
122.000000
91.000000
111.000000
15.000000
36.000000
82.000000
148.000000
74.000000
74.000000
74.000000
98.000000
70.000000
8.000000
36.000000
53.000000
77.000000
132.000000
57.000000
9.000000
32.000000
42.000000
76.000000
50.000000
100.000000
73.000000
10.000000
50.000000
29.000000
69.000000
85.000000
24.000000
65.000000
81.000000
43.000000
13661.000000
34.000000
31.000000
16.000000
77.000000
46.000000
77.000000
40.000000
56.000000
54.000000
45.000000
65.000000
30.000000
37.000000
20.000000
43.000000
15.000000
12125.000000
38.000000
63.000000
41.000000
61.000000
88.000000
25.000000
85.000000
57.000000
51.000000
31.000000
41.000000
58.000000
52.000000
21.000000
39.000000
15.000000
104.000000
35.000000
65.000000
47.000000
70.000000
12398.000000
89.000000
59.000000
12774.000000
89.000000
84.000000
24.000000
42.000000
115.000000
126.000000
49.000000
11291.000000
69.000000
47.000000
13355.000000
40.000000
9.000000
18.000000
45.000000
24.000000
128.000000
32.000000
93.000000
101.000000
51.000000
239.000000
41.000000
58.000000
47.000000
13.000000
24.000000
91.000000
55.000000
69.000000
27.000000
38.000000
21.000000
66.000000
8.000000
68.000000
93.000000
64.000000
150.000000
59.000000
45.000000
120.000000
121.000000
43.000000
103.000000
135.000000
57.000000
61.000000
152.000000
49.000000
31.000000
51.000000
122.000000
28.000000
43.000000
85.000000
52.000000
143.000000
60.000000
42.000000
91.000000
66.000000
69.000000
28.000000
12.000000
52.000000
51.000000
48.000000
55.000000
59.000000
40.000000
52.000000
83.000000
63.000000
65.000000
12278.000000
32.000000
19.000000
25.000000
57.000000
62.000000
69.000000
29.000000
31.000000
132.000000
41.000000
11801.000000
15.000000
78.000000
105.000000
25.000000
64.000000
34.000000
35.000000
35.000000
32.000000
75.000000
61.000000
101.000000
92.000000
70.000000
64.000000
97.000000
39.000000
34.000000
114.000000
36.000000
27.000000
9.000000
93.000000
91.000000
46.000000
42.000000
43.000000
28.000000
43.000000
71.000000
26.000000
10.000000
51.000000
36.000000
121.000000
57.000000
57.000000
5092.000000
88.000000
59.000000
66.000000
37.000000
63.000000
48.000000
23.000000
108.000000
110.000000
46.000000
12421.000000
32.000000
64.000000
73.000000
42.000000
47.000000
8.000000
26.000000
53.000000
34.000000
60.000000
30.000000
155.000000
90.000000
74.000000
31.000000
73.000000
45.000000
79.000000
36.000000
46.000000
36.000000
53.000000
39.000000
63.000000
7.000000
42.000000
55.000000
50.000000
60.000000
86.000000
13.000000
29.000000
110.000000
60.000000
67.000000
13.000000
46.000000
60.000000
75.000000
12.000000
171.000000
69.000000
106.000000
35.000000
82.000000
82.000000
64.000000
52.000000
123.000000
54.000000
39.000000
71.000000
33.000000
41.000000
25.000000
73.000000
78.000000
74.000000
139.000000
95.000000
86.000000
33.000000
66.000000
43.000000
47.000000
96.000000
136.000000
100.000000
76.000000
112.000000
29.000000
34.000000
47.000000
76.000000
74.000000
90.000000
68.000000
12026.000000
127.000000
59.000000
45.000000
11.000000
84.000000
30.000000
347.000000
167.000000
58.000000
64.000000
37.000000
38.000000
79.000000
119.000000
7.000000
19.000000
15.000000
53.000000
22.000000
43.000000
13.000000
24.000000
101.000000
51.000000
27.000000
47.000000
105.000000
22.000000
28.000000
18.000000
79.000000
46.000000
63.000000
74.000000
14.000000
47.000000
119.000000
42.000000
12935.000000
73.000000
74.000000
81.000000
11.000000
53.000000
53.000000
12459.000000
79.000000
14.000000
44.000000
15.000000
100.000000
8.000000
73.000000
21.000000
35.000000
157.000000
54.000000
61.000000
24.000000
65.000000
86.000000
58.000000
60.000000
10.000000
35.000000
28.000000
41.000000
186.000000
48.000000
14.000000
80.000000
7.000000
41.000000
64.000000
42.000000
66.000000
70.000000
42.000000
71.000000
98.000000
47.000000
62.000000
35.000000
88.000000
123.000000
82.000000
45.000000
50.000000
90.000000
157.000000
25.000000
17.000000
69.000000
83.000000
64.000000
70.000000
53.000000
61.000000
72.000000
83.000000
58.000000
44.000000
59.000000
76.000000
89.000000
41.000000
56.000000
73.000000
74.000000
68.000000
39.000000
9.000000
50.000000
37.000000
78.000000
66.000000
39.000000
68.000000
60.000000
92.000000
11707.000000
73.000000
53.000000
18.000000
96.000000
57.000000
58.000000
72.000000
33.000000
59.000000
96.000000
66.000000
52.000000
7.000000
73.000000
36.000000
27.000000
49.000000
64.000000
23.000000
42.000000
14.000000
72.000000
84.000000
27.000000
40.000000
135.000000
34.000000
7.000000
15.000000
84.000000
99.000000
27.000000
25.000000
60.000000
30.000000
47.000000
98.000000
14.000000
30.000000
107.000000
15.000000
97.000000
8.000000
52.000000
84.000000
44.000000
20.000000
9.000000
93.000000
95.000000
16.000000
70.000000
51.000000
104.000000
94.000000
71.000000
40.000000
52.000000
133.000000
112.000000
39.000000
192.000000
52.000000
207.000000
103.000000
44.000000
89.000000
84.000000
59.000000
17.000000
71.000000
31.000000
45.000000
41.000000
32.000000
33.000000
22.000000
24.000000
39.000000
90.000000
84.000000
41.000000
83.000000
7.000000
19.000000
49.000000
122.000000
67.000000
78.000000
53.000000
23.000000
10904.000000
69.000000
44.000000
25.000000
16.000000
90.000000
30.000000
91.000000
35.000000
36.000000
57.000000
76.000000
128.000000
80.000000
48.000000
82.000000
60.000000
7.000000
134.000000
45.000000
101.000000
74.000000
67.000000
75.000000
54.000000
42.000000
18.000000
69.000000
41.000000
132.000000
35.000000
39.000000
23.000000
26.000000
99.000000
38.000000
59.000000
89.000000
52.000000
61.000000
11159.000000
226.000000
14.000000
63.000000
54.000000
39.000000
134.000000
78.000000
37.000000
42.000000
64.000000
24.000000
50.000000
48.000000
47.000000
112.000000
57.000000
10747.000000
56.000000
73.000000
42.000000
57.000000
15.000000
63.000000
34.000000
64.000000
43.000000
67.000000
37.000000
28.000000
21.000000
41.000000
208.000000
51.000000
52.000000
62.000000
44.000000
44.000000
24.000000
18.000000
163.000000
58.000000
67.000000
37.000000
65.000000
40.000000
85.000000
25.000000
102.000000
51.000000
80.000000
21.000000
65.000000
49.000000
79.000000
119.000000
26.000000
79.000000
66.000000
47.000000
63.000000
73.000000
72.000000
121.000000
17.000000
30.000000
25.000000
14.000000
55.000000
66.000000
122.000000
128.000000
59.000000
75.000000
52.000000
147.000000
67.000000
9781.000000
72.000000
21.000000
60.000000
60.000000
59.000000
62.000000
57.000000
63.000000
43.000000
42.000000
85.000000
25.000000
27.000000
40.000000
18375.000000
81.000000
64.000000
52.000000
70.000000
37.000000
66.000000
62.000000
51.000000
66.000000
28.000000
118.000000
43.000000
29.000000
30.000000
51.000000
62.000000
74.000000
197.000000
29.000000
82.000000
28.000000
39.000000
67.000000
8.000000
75.000000
45.000000
94.000000
28.000000
117.000000
127.000000
43.000000
10611.000000
26.000000
23.000000
41.000000
62.000000
80.000000
60.000000
27.000000
107.000000
10393.000000
66.000000
35.000000
29.000000
97.000000
44.000000
88.000000
47.000000
39.000000
32.000000
29.000000
37.000000
77.000000
30.000000
37.000000
83.000000
68.000000
46.000000
69.000000
33.000000
110.000000
73.000000
43.000000
28.000000
41.000000
85.000000
33.000000
13.000000
92.000000
77.000000
82.000000
34.000000
54.000000
24.000000
45.000000
63.000000
39.000000
34.000000
24.000000
44.000000
77.000000
28.000000
31.000000
49.000000
28.000000
55.000000
21.000000
49.000000
68.000000
16.000000
66.000000
69.000000
32.000000
55.000000
36.000000
39.000000
115.000000
72.000000
67.000000
20.000000
9.000000
14103.000000
76.000000
19.000000
63.000000
89.000000
66.000000
103.000000
7650.000000
16.000000
69.000000
57.000000
131.000000
52.000000
71.000000
65.000000
46.000000
67.000000
74.000000
33.000000
79.000000
22.000000
43.000000
34.000000
87.000000
76.000000
47.000000
47.000000
88.000000
80.000000
49.000000
30.000000
13669.000000
93.000000
15.000000
100.000000
45.000000
53.000000
29.000000
12.000000
16.000000
63.000000
60.000000
75.000000
50.000000
27.000000
68.000000
25.000000
18227.000000
22.000000
63.000000
56.000000
24.000000
57.000000
70.000000
20.000000
69.000000
37.000000
57.000000
83.000000
54.000000
75.000000
28.000000
13.000000
29.000000
51.000000
38.000000
80.000000
166.000000
42.000000
42.000000
16734.000000
89.000000
23.000000
60.000000
15.000000
22.000000
84.000000
48.000000
27.000000
28.000000
24.000000
15.000000
63.000000
27.000000
24.000000
35.000000
107.000000
63.000000
43.000000
41.000000
34.000000
77.000000
29.000000
9.000000
120.000000
38.000000
20.000000
77.000000
47.000000
78.000000
48.000000
63.000000
66.000000
57.000000
76.000000
45.000000
42.000000
63.000000
62.000000
49.000000
33.000000
76.000000
59.000000
83.000000
44.000000
120.000000
66.000000
16.000000
30.000000
8.000000
129.000000
10.000000
46.000000
34.000000
91.000000
11.000000
24.000000
44.000000
33.000000
47.000000
24.000000
26.000000
46.000000
99.000000
55.000000
47.000000
71.000000
97.000000
54.000000
120.000000
145.000000
63.000000
43.000000
85.000000
19.000000
61.000000
55.000000
23.000000
32.000000
63.000000
56.000000
49.000000
46.000000
82.000000
7.000000
24.000000
81.000000
54.000000
62.000000
51.000000
15229.000000
35.000000
45.000000
28.000000
44.000000
79.000000
26.000000
9519.000000
34.000000
38.000000
54.000000
39.000000
87.000000
69.000000
28.000000
39.000000
100.000000
22.000000
49.000000
42.000000
13.000000
101.000000
80.000000
56.000000
24.000000
25.000000
8.000000
27.000000
68.000000
81.000000
70.000000
13.000000
62.000000
9.000000
76.000000
84.000000
39.000000
57.000000
53.000000
34.000000
42.000000
14220.000000
71.000000
128.000000
15.000000
47.000000
31.000000
58.000000
94.000000
49.000000
77.000000
75.000000
22.000000
78.000000
61.000000
38.000000
60.000000
42.000000
81.000000
39.000000
9.000000
80.000000
60.000000
44.000000
32.000000
110.000000
42.000000
100.000000
32.000000
42.000000
47.000000
68.000000
62.000000
110.000000
13661.000000
39.000000
134.000000
41.000000
118.000000
18.000000
87.000000
89.000000
26.000000
71.000000
56.000000
22.000000
19.000000
112.000000
80.000000
21.000000
77.000000
47.000000
49.000000
61.000000
28.000000
53.000000
29.000000
38.000000
36.000000
56.000000
54.000000
91.000000
236.000000
137.000000
28.000000
39.000000
61.000000
13.000000
71.000000
82.000000
32.000000
97.000000
77.000000
30.000000
22.000000
14.000000
33.000000
57.000000
62.000000
44.000000
101.000000
14.000000
91.000000
61.000000
65.000000
44.000000
15.000000
14.000000
93.000000
16.000000
47.000000
112.000000
15.000000
99.000000
26.000000
60.000000
64.000000
121.000000
83.000000
63.000000
117.000000
69.000000
100.000000
38.000000
42.000000
18.000000
56.000000
56.000000
57.000000
44.000000
93.000000
43.000000
31.000000
34.000000
119.000000
94.000000
55.000000
68.000000
24.000000
39.000000
41.000000
72.000000
8.000000
93.000000
136.000000
14149.000000
83.000000
37.000000
21.000000
46.000000
77.000000
53.000000
17.000000
132.000000
99.000000
85.000000
28.000000
82.000000
70.000000
9.000000
45.000000
82.000000
28.000000
66.000000
76.000000
10.000000
47.000000
14.000000
42.000000
45.000000
109.000000
128.000000
17.000000
58.000000
100.000000
146.000000
36.000000
106.000000
73.000000
97.000000
111.000000
57.000000
33.000000
29.000000
25.000000
50.000000
108.000000
120.000000
59.000000
30.000000
39.000000
22.000000
41.000000
82.000000
41.000000
119.000000
27.000000
59.000000
8.000000
95.000000
236.000000
26.000000
12.000000
20.000000
61.000000
81.000000
23.000000
89.000000
89.000000
103.000000
116.000000
28.000000
94.000000
42.000000
13112.000000
43.000000
55.000000
24.000000
62.000000
151.000000
63.000000
15492.000000
23.000000
40.000000
86.000000
78.000000
20.000000
43.000000
67.000000
34.000000
105.000000
151.000000
54.000000
17.000000
49.000000
88.000000
53.000000
40.000000
44.000000
52.000000
48.000000
41.000000
90.000000
23.000000
64.000000
132.000000
12.000000
48.000000
24.000000
20.000000
72.000000
83.000000
51.000000
30.000000
32.000000
103.000000
49.000000
113.000000
47.000000
21.000000
46.000000
55.000000
61.000000
179.000000
31.000000
51.000000
73.000000
41.000000
94.000000
67.000000
81.000000
24.000000
27.000000
71.000000
16.000000
8.000000
83.000000
34.000000
65.000000
43.000000
35.000000
157.000000
85.000000
67.000000
27.000000
29.000000
37.000000
70.000000
88.000000
49.000000
75.000000
122.000000
22.000000
20.000000
15.000000
56.000000
11805.000000
16.000000
53.000000
45.000000
49.000000
60.000000
56.000000
25.000000
11.000000
12.000000
39.000000
14.000000
26.000000
72.000000
72.000000
43.000000
70.000000
68.000000
15.000000
103.000000
71.000000
50.000000
57.000000
56.000000
93.000000
147.000000
45.000000
24.000000
30.000000
94.000000
169.000000
12058.000000
77.000000
12707.000000
57.000000
88.000000
25.000000
106.000000
99.000000
44.000000
143.000000
16.000000
17.000000
89.000000
27.000000
9.000000
15.000000
31.000000
14.000000
61.000000
86.000000
115.000000
95.000000
19.000000
46.000000
78.000000
58.000000
26.000000
22.000000
62.000000
143.000000
37.000000
18195.000000
57.000000
37.000000
76.000000
19635.000000
103.000000
22.000000
7.000000
75.000000
177.000000
29.000000
89.000000
98.000000
51.000000
187.000000
75.000000
37.000000
30.000000
17537.000000
9.000000
80.000000
10.000000
30.000000
65.000000
32.000000
27.000000
71.000000
61.000000
12395.000000
48.000000
47.000000
34.000000
79.000000
58.000000
30.000000
107.000000
12.000000
15.000000
51.000000
9.000000
104.000000
43.000000
82.000000
31.000000
23.000000
9.000000
78.000000
23.000000
39.000000
114.000000
87.000000
44.000000
78.000000
29.000000
78.000000
70.000000
156.000000
76.000000
14675.000000
115.000000
53.000000
19.000000
109.000000
46.000000
61.000000
52.000000
28.000000
19.000000
155.000000
43.000000
62.000000
144.000000
33.000000
220.000000
66.000000
91.000000
36.000000
52.000000
65.000000
111.000000
81.000000
21.000000
10.000000
25.000000
98.000000
53.000000
66.000000
112.000000
68.000000
51.000000
333.000000
150.000000
71.000000
17.000000
124.000000
95.000000
47.000000
36.000000
66.000000
54.000000
48.000000
55.000000
90.000000
38.000000
113.000000
72.000000
67.000000
83.000000
85.000000
43.000000
39.000000
97.000000
35.000000
127.000000
9.000000
37.000000
65.000000
89.000000
38.000000
50.000000
35.000000
90.000000
151.000000
17.000000
59.000000
42.000000
9.000000
41.000000
42.000000
38.000000
33.000000
9.000000
102.000000
24.000000
84.000000
154.000000
61.000000
31.000000
91.000000
38.000000
85.000000
27.000000
50.000000
83.000000
104.000000
45.000000
58.000000
40.000000
14.000000
49.000000
82.000000
58.000000
61.000000
112.000000
37.000000
54.000000
34.000000
107.000000
72.000000
33.000000
36.000000
61.000000
20.000000
27.000000
45.000000
53.000000
16.000000
66.000000
61.000000
88.000000
44.000000
61.000000
30.000000
18.000000
56.000000
144.000000
73.000000
35.000000
75.000000
60.000000
37.000000
17.000000
39.000000
42.000000
15.000000
32.000000
98.000000
37.000000
46.000000
10.000000
93.000000
58.000000
42.000000
57.000000
36.000000
15.000000
59.000000
55.000000
35.000000
72.000000
114.000000
131.000000
44.000000
122.000000
74.000000
37.000000
50.000000
132.000000
139.000000
88.000000
52.000000
60.000000
101.000000
53.000000
42.000000
50.000000
96.000000
8.000000
121.000000
31.000000
25.000000
24.000000
65.000000
99.000000
119.000000
36.000000
12601.000000
11.000000
40.000000
61.000000
24.000000
66.000000
55.000000
49.000000
86.000000
59.000000
28.000000
67.000000
80.000000
11069.000000
199.000000
34.000000
29.000000
92.000000
76.000000
25.000000
13.000000
38.000000
39.000000
59.000000
36.000000
55.000000
48.000000
51.000000
255.000000
65.000000
64.000000
108.000000
21.000000
60.000000
108.000000
40.000000
33.000000
52.000000
46.000000
76.000000
44.000000
8.000000
83.000000
102.000000
94.000000
50.000000
53.000000
53.000000
76.000000
61.000000
36.000000
61.000000
52.000000
11.000000
71.000000
52.000000
8.000000
28.000000
133.000000
52.000000
47.000000
150.000000
33.000000
163.000000
117.000000
32.000000
35.000000
50.000000
109.000000
27.000000
101.000000
15.000000
56.000000
14.000000
46.000000
120.000000
41.000000
73.000000
46.000000
80.000000
34.000000
57.000000
16.000000
64.000000
13.000000
9.000000
109.000000
96.000000
51.000000
19.000000
11.000000
63.000000
37.000000
34.000000
52.000000
66.000000
39.000000
32.000000
85.000000
33.000000
70.000000
97.000000
28.000000
36.000000
77.000000
8.000000
48.000000
92.000000
25.000000
66.000000
83.000000
56.000000
71.000000
53.000000
37.000000
33.000000
95.000000
111.000000
12803.000000
58.000000
37.000000
21.000000
21.000000
28.000000
94.000000
59.000000
67.000000
11.000000
129.000000
40.000000
110.000000
20.000000
158.000000
69.000000
136.000000
177.000000
57.000000
27.000000
77.000000
85.000000
38.000000
84.000000
52.000000
39.000000
82.000000
14.000000
82.000000
28.000000
64.000000
40.000000
43.000000
49.000000
60.000000
102.000000
16.000000
32.000000
23.000000
38.000000
86.000000
14507.000000
112.000000
115.000000
17.000000
100.000000
81.000000
80.000000
98.000000
52.000000
38.000000
37.000000
76.000000
149.000000
65.000000
39.000000
72.000000
76.000000
159.000000
190.000000
75.000000
43.000000
12462.000000
88.000000
65.000000
42.000000
36.000000
104.000000
21.000000
16.000000
7.000000
26.000000
62.000000
124.000000
104.000000
105.000000
66.000000
77.000000
19.000000
52.000000
117.000000
14.000000
91.000000
21.000000
51.000000
17790.000000
123.000000
32.000000
23.000000
273.000000
33.000000
40.000000
116.000000
145.000000
13.000000
61.000000
76.000000
126.000000
17.000000
30.000000
42.000000
160.000000
11.000000
126.000000
14.000000
7.000000
149.000000
55.000000
11670.000000
126.000000
94.000000
118.000000
20.000000
42.000000
62.000000
37.000000
57.000000
143.000000
86.000000
60.000000
99.000000
87.000000
32.000000
28.000000
21.000000
49.000000
31.000000
23.000000
49.000000
11592.000000
17.000000
51.000000
12755.000000
75.000000
52.000000
66.000000
18.000000
36.000000
93.000000
34.000000
62.000000
53.000000
98.000000
56.000000
85.000000
100.000000
27.000000
97.000000
60.000000
101.000000
62.000000
42.000000
80.000000
76.000000
35.000000
62.000000
69.000000
14098.000000
39.000000
11294.000000
35.000000
57.000000
69.000000
95.000000
60.000000
68.000000
36.000000
24.000000
94.000000
52.000000
57.000000
116.000000
30.000000
54.000000
15.000000
13.000000
19.000000
34.000000
65.000000
37.000000
43.000000
110.000000
75.000000
41.000000
22.000000
46.000000
67.000000
74.000000
20.000000
9.000000
62.000000
105.000000
24.000000
35.000000
11934.000000
29.000000
79.000000
27.000000
111.000000
13757.000000
16.000000
54.000000
51.000000
65.000000
80.000000
88.000000
101.000000
70.000000
51.000000
39.000000
72.000000
45.000000
110.000000
28.000000
140.000000
40.000000
30.000000
55.000000
60.000000
54.000000
111.000000
11.000000
100.000000
8.000000
37.000000
90.000000
24.000000
27.000000
9.000000
41.000000
21.000000
134.000000
7444.000000
48.000000
76.000000
90.000000
56.000000
25.000000
48.000000
168.000000
75.000000
26.000000
16.000000
46.000000
110.000000
58.000000
62.000000
92.000000
47.000000
91.0000