728055
67779
68053
76114
72029
76680
72872
74354
74403
73258
78691
70267
71496
77797
69260
74512
76077
76083
76830
74631
73665
87838
92663
90547
93293
97356
94059
94078
96328
96310
97181
101991
105959
106752
108486
106861
111513
113062
113602
115143
115804
114211
116140
114385
116083
116653
114486
115939
117776
117127
120102
118270
118688
119105
120337
121014
119817
121129
120325
126504
124060
122485
122130
123480
120540
126023
129498
125752
128936
128561
128496
130219
128891
130468
131918
127228
130691
135753
132681
135217
134588
137107
133678
138518
138322
139233
139654
139699
139492
138287
143562
139389
144500
142506
141813
144177
143093
144868
146654
146371
147234
147473
145775
144331
142439
144986
139714
143552
139980
147112
144055
142058
143122
143830
144936
141835
145877
