0
0
0
0
0
0
0
2597
51
0
7737
11589
11944
21133
22325
20463
21942
20052
24468
32744
32027
41415
47759
47850
52840
50426
55889
67810
66686
70822
74288
73907
74307
70492
78545
77097
85350
85975
84606
85336
90288
89321
93127
95825
93336
92367
99365
94644
93323
98536
98848
104970
107548
116169
116243
119782
114503
116322
115054
116058
116566
118959
126527
116243
119317
119258
120548
119747
120603
126972
118828
121308
122693
120391
118305
117841
118060
122514
122615
113880
120401
123221
122119
120968
119249
121012
125447
118382
111740
116486
126801
115428
123480
121358
118997
122615
113880
120401
123221
122119
120968
119249
117381
121770
120922
122322
118421
115732
