0
0
0
0
0
0
0
0
0
0
0
0
4321
0
830
13639
12356
17940
19614
19200
19615
20650
20212
18688
19352
19859
35384
40558
41384
53138
56071
51956
12268
12694
28785
20335
19168
19766
19324
19365
19195
18802
19777
19383
32602
40175
36412
37584
36594
35297
38647
38054
33698
36978
37409
37643
40871
38716
106873
114066
118048
115111
114410
115376
112737
115034
114177
114832
112196
116140
115288
113629
112474
116891
112777
112830
113741
111717
113161
110923
116305
113492
114829
115643
110166
113039
114347
113647
115403
113045
112093
112871
114395
114176
112995
114740
114438
109950
110723
112521
113751
113535
116536
114806
113505
116025
114551
114641
118196
113351
113732
115157
115686
115647
113045
116287
115905
