54.000000
55.000000
54.000000
54.000000
54.000000
54.000000
54.000000
54.000000
54.000000
54.000000
54.000000
54.000000
54.000000
54.000000
55.000000
57.000000
54.000000
54.000000
54.000000
54.000000
54.000000
55.000000
54.000000
54.000000
54.000000
54.000000
54.000000
54.000000
54.000000
54.000000
54.000000
54.000000
54.000000
54.000000
57.000000
54.000000
54.000000
54.000000
55.000000
54.000000
54.000000
54.000000
54.000000
54.000000
54.000000
57.000000
54.000000
54.000000
54.000000
54.000000
54.000000
54.000000
54.000000
16032.000000
54.000000
54.000000
54.000000
16030.000000
54.000000
54.000000
55.000000
54.000000
54.000000
54.000000
53.000000
57.000000
54.000000
54.000000
54.000000
54.000000
55.000000
54.000000
57.000000
57.000000
57.000000
54.000000
54.000000
54.000000
54.000000
54.000000
54.000000
54.000000
54.000000
54.000000
57.000000
54.000000
54.000000
55.000000
54.000000
54.000000
57.000000
57.000000
54.000000
57.000000
54.000000
53.000000
57.000000
57.000000
54.000000
54.000000
54.000000
54.000000
54.000000
54.000000
54.000000
65.000000
54.000000
54.000000
53.000000
54.000000
55.000000
54.000000
16035.000000
54.000000
57.000000
57.000000
54.000000
54.000000
54.000000
54.000000
54.000000
57.000000
54.000000
54.000000
55.000000
16036.000000
57.000000
54.000000
54.000000
54.000000
57.000000
54.000000
54.000000
54.000000
54.000000
54.000000
54.000000
54.000000
54.000000
54.000000
54.000000
54.000000
54.000000
54.000000
54.000000
54.000000
54.000000
54.000000
56.000000
54.000000
55.000000
54.000000
54.000000
54.000000
54.000000
57.000000
54.000000
54.000000
54.000000
54.000000
54.000000
54.000000
54.000000
54.000000
54.000000
54.000000
54.000000
54.000000
53.000000
54.000000
54.000000
54.000000
53.000000
54.000000
54.000000
54.000000
54.000000
54.000000
54.000000
57.000000
54.000000
54.000000
57.000000
57.000000
54.000000
54.000000
54.000000
54.000000
54.000000
54.000000
54.000000
54.000000
54.000000
54.000000
54.000000
54.000000
54.000000
54.000000
54.000000
54.000000
54.000000
54.000000
54.000000
54.000000
54.000000
54.000000
57.000000
54.000000
54.000000
54.000000
54.000000
54.000000
57.000000
54.000000
54.000000
54.000000
54.000000
57.000000
57.000000
54.000000
54.000000
54.000000
54.000000
54.000000
55.000000
54.000000
54.000000
54.000000
57.000000
54.000000
53.000000
54.000000
54.000000
54.000000
54.000000
54.000000
54.000000
54.000000
54.000000
54.000000
54.000000
54.000000
54.000000
54.000000
57.000000
54.000000
54.000000
54.000000
54.000000
54.000000
54.000000
54.000000
54.000000
54.000000
54.000000
54.000000
54.000000
54.000000
54.000000
54.000000
57.000000
54.000000
54.000000
54.000000
54.000000
57.000000
54.000000
54.000000
16034.000000
54.000000
54.000000
54.000000
54.000000
54.000000
54.000000
54.000000
54.000000
54.000000
55.000000
54.000000
54.000000
54.000000
54.000000
54.000000
54.000000
54.000000
54.000000
54.000000
54.000000
57.000000
55.000000
54.000000
54.000000
16031.000000
54.000000
54.000000
54.000000
54.000000
54.000000
54.000000
53.000000
54.000000
54.000000
54.000000
54.000000
54.000000
54.000000
54.000000
54.000000
54.000000
54.000000
54.000000
55.000000
54.000000
55.000000
57.000000
54.000000
54.000000
54.000000
54.000000
57.000000
54.000000
54.000000
57.000000
54.000000
54.000000
54.000000
54.000000
54.000000
54.000000
57.000000
54.000000
55.000000
54.000000
54.000000
54.000000
54.000000
54.000000
57.000000
54.000000
54.000000
54.000000
54.000000
54.000000
54.000000
54.000000
57.000000
54.000000
54.000000
54.000000
54.000000
54.000000
54.000000
54.000000
54.000000
54.000000
54.000000
57.000000
54.000000
55.000000
54.000000
55.000000
57.000000
57.000000
54.000000
54.000000
54.000000
54.000000
53.000000
54.000000
63.000000
54.000000
54.000000
54.000000
54.000000
54.000000
54.000000
54.000000
57.000000
57.000000
54.000000
54.000000
54.000000
54.000000
57.000000
55.000000
54.000000
54.000000
57.000000
56.000000
54.000000
54.000000
54.000000
54.000000
16025.000000
54.000000
54.000000
54.000000
54.000000
54.000000
54.000000
54.000000
54.000000
57.000000
54.000000
57.000000
54.000000
54.000000
54.000000
54.000000
54.000000
54.000000
54.000000
54.000000
55.000000
54.000000
57.000000
54.000000
54.000000
54.000000
54.000000
54.000000
54.000000
54.000000
54.000000
54.000000
54.000000
54.000000
54.000000
54.000000
54.000000
54.000000
54.000000
54.000000
54.000000
54.000000
54.000000
54.000000
65.000000
55.000000
54.000000
54.000000
54.000000
57.000000
54.000000
54.000000
54.000000
57.000000
54.000000
54.000000
54.000000
55.000000
54.000000
55.000000
54.000000
54.000000
54.000000
57.000000
54.000000
54.000000
54.000000
54.000000
54.000000
54.000000
54.000000
54.000000
55.000000
54.000000
54.000000
54.000000
55.000000
54.000000
54.000000
54.000000
54.000000
54.000000
54.000000
54.000000
55.000000
54.000000
54.000000
54.000000
54.000000
57.000000
54.000000
54.000000
54.000000
54.000000
54.000000
54.000000
54.000000
54.000000
54.000000
54.000000
54.000000
54.000000
54.000000
54.000000
54.000000
54.000000
54.000000
54.000000
54.000000
53.000000
55.000000
54.000000
54.000000
54.000000
54.000000
54.000000
54.000000
54.000000
54.000000
54.000000
54.000000
54.000000
54.000000
54.000000
55.000000
54.000000
54.000000
55.000000
54.000000
54.000000
54.000000
54.000000
54.000000
54.000000
54.000000
57.000000
54.000000
54.000000
54.000000
54.000000
54.000000
55.000000
54.000000
54.000000
54.000000
54.000000
54.000000
58.000000
54.000000
54.000000
54.000000
57.000000
54.000000
54.000000
54.000000
54.000000
54.000000
54.000000
54.000000
54.000000
54.000000
54.000000
55.000000
54.000000
54.000000
54.000000
197.000000
92.000000
54.000000
54.000000
55.000000
58.000000
54.000000
55.000000
54.000000
57.000000
58.000000
58.000000
54.000000
54.000000
55.000000
54.000000
58.000000
55.000000
57.000000
55.000000
55.000000
55.000000
54.000000
57.000000
54.000000
57.000000
54.000000
54.000000
54.000000
428.000000
54.000000
54.000000
54.000000
551.000000
54.000000
58.000000
54.000000
55.000000
55.000000
54.000000
54.000000
54.000000
58.000000
58.000000
55.000000
58.000000
55.000000
530.000000
55.000000
55.000000
55.000000
54.000000
613.000000
54.000000
55.000000
55.000000
54.000000
54.000000
55.000000
54.000000
54.000000
54.000000
55.000000
57.000000
55.000000
55.000000
54.000000
54.000000
55.000000
602.000000
55.000000
54.000000
54.000000
57.000000
20058.000000
54.000000
20256.000000
54.000000
54.000000
55.000000
54.000000
57.000000
54.000000
54.000000
54.000000
55.000000
54.000000
55.000000
54.000000
57.000000
54.000000
54.000000
54.000000
55.000000
55.000000
1077.000000
54.000000
1734.000000
54.000000
54.000000
55.000000
54.000000
54.000000
54.000000
54.000000
683.000000
54.000000
54.000000
54.000000
54.000000
54.000000
327.000000
54.000000
54.000000
54.000000
55.000000
54.000000
54.000000
54.000000
54.000000
54.000000
55.000000
6668.000000
54.000000
54.000000
54.000000
1635.000000
54.000000
55.000000
54.000000
54.000000
55.000000
54.000000
57.000000
55.000000
54.000000
54.000000
54.000000
54.000000
55.000000
58.000000
54.000000
54.000000
57.000000
54.000000
54.000000
55.000000
54.000000
54.000000
57.000000
707.000000
57.000000
55.000000
55.000000
54.000000
55.000000
54.000000
54.000000
54.000000
54.000000
54.000000
54.000000
54.000000
54.000000
54.000000
55.000000
54.000000
54.000000
55.000000
852.000000
54.000000
54.000000
54.000000
55.000000
54.000000
54.000000
58.000000
777.000000
55.000000
54.000000
57.000000
54.000000
54.000000
54.000000
54.000000
860.000000
57.000000
57.000000
1958.000000
54.000000
54.000000
58.000000
54.000000
54.000000
54.000000
54.000000
55.000000
54.000000
54.000000
54.000000
58.000000
6257.000000
54.000000
55.000000
55.000000
54.000000
972.000000
54.000000
521.000000
55.000000
54.000000
55.000000
54.000000
54.000000
54.000000
54.000000
58.000000
992.000000
54.000000
6660.000000
55.000000
2406.000000
57.000000
54.000000
54.000000
54.000000
55.000000
54.000000
54.000000
54.000000
54.000000
54.000000
54.000000
54.000000
3569.000000
1039.000000
58.000000
54.000000
54.000000
54.000000
57.000000
54.000000
58.000000
54.000000
58.000000
54.000000
433.000000
55.000000
54.000000
57.000000
54.000000
54.000000
55.000000
54.000000
55.000000
54.000000
55.000000
54.000000
55.000000
54.000000
55.000000
55.000000
54.000000
55.000000
1083.000000
1096.000000
1100.000000
54.000000
55.000000
54.000000
54.000000
1122.000000
54.000000
54.000000
54.000000
54.000000
54.000000
54.000000
54.000000
54.000000
54.000000
54.000000
57.000000
54.000000
55.000000
54.000000
54.000000
58.000000
54.000000
54.000000
55.000000
55.000000
55.000000
728.000000
54.000000
55.000000
55.000000
54.000000
54.000000
54.000000
55.000000
54.000000
54.000000
55.000000
54.000000
54.000000
54.000000
54.000000
55.000000
54.000000
55.000000
54.000000
54.000000
55.000000
54.000000
20019.000000
54.000000
57.000000
54.000000
54.000000
54.000000
55.000000
57.000000
55.000000
54.000000
54.000000
54.000000
211.000000
55.000000
1182.000000
58.000000
54.000000
54.000000
54.000000
54.000000
54.000000
54.000000
54.000000
54.000000
54.000000
55.000000
54.000000
54.000000
54.000000
54.000000
58.000000
54.000000
54.000000
54.000000
54.000000
54.000000
54.000000
54.000000
54.000000
58.000000
54.000000
55.000000
54.000000
54.000000
54.000000
54.000000
55.000000
57.000000
54.000000
54.000000
54.000000
54.000000
54.000000
54.000000
54.000000
55.000000
57.000000
54.000000
54.000000
9758.000000
58.000000
1401.000000
54.000000
57.000000
55.000000
54.000000
54.000000
54.000000
58.000000
57.000000
327.000000
54.000000
54.000000
54.000000
54.000000
58.000000
54.000000
1453.000000
55.000000
54.000000
54.000000
54.000000
54.000000
54.000000
57.000000
54.000000
54.000000
54.000000
55.000000
55.000000
54.000000
55.000000
54.000000
55.000000
58.000000
1246.000000
55.000000
1254.000000
54.000000
54.000000
54.000000
54.000000
54.000000
1274.000000
55.000000
54.000000
945.000000
55.000000
54.000000
54.000000
55.000000
54.000000
54.000000
54.000000
54.000000
54.000000
58.000000
54.000000
55.000000
54.000000
54.000000
54.000000
57.000000
55.000000
54.000000
54.000000
54.000000
54.000000
54.000000
54.000000
54.000000
54.000000
54.000000
55.000000
55.000000
55.000000
54.000000
54.000000
54.000000
54.000000
54.000000
54.000000
55.000000
54.000000
54.000000
59.000000
54.000000
54.000000
54.000000
55.000000
54.000000
54.000000
55.000000
54.000000
55.000000
55.000000
54.000000
55.000000
57.000000
54.000000
54.000000
54.000000
54.000000
54.000000
54.000000
58.000000
54.000000
58.000000
54.000000
20019.000000
54.000000
54.000000
55.000000
55.000000
55.000000
55.000000
57.000000
54.000000
54.000000
55.000000
54.000000
54.000000
54.000000
54.000000
55.000000
54.000000
54.000000
55.000000
54.000000
54.000000
54.000000
55.000000
54.000000
54.000000
54.000000
54.000000
54.000000
1426.000000
54.000000
57.000000
54.000000
54.000000
2336.000000
54.000000
54.000000
57.000000
241.000000
54.000000
55.000000
54.000000
54.000000
54.000000
54.000000
55.000000
54.000000
57.000000
57.000000
55.000000
54.000000
54.000000
54.000000
54.000000
54.000000
54.000000
58.000000
54.000000
54.000000
55.000000
54.000000
54.000000
54.000000
55.000000
54.000000
54.000000
55.000000
54.000000
54.000000
57.000000
54.000000
54.000000
54.000000
2446.000000
58.000000
54.000000
54.000000
54.000000
54.000000
57.000000
2465.000000
1143.000000
57.000000
55.000000
54.000000
55.000000
57.000000
2502.000000
54.000000
54.000000
54.000000
55.000000
54.000000
54.000000
58.000000
55.000000
55.000000
54.000000
54.000000
57.000000
54.000000
54.000000
54.000000
54.000000
57.000000
54.000000
54.000000
54.000000
54.000000
54.000000
54.000000
55.000000
54.000000
2609.000000
54.000000
57.000000
54.000000
54.000000
57.000000
54.000000
55.000000
203.000000
54.000000
54.000000
54.000000
54.000000
2547.000000
54.000000
55.000000
54.000000
57.000000
54.000000
54.000000
54.000000
54.000000
54.000000
54.000000
54.000000
54.000000
54.000000
54.000000
55.000000
54.000000
54.000000
54.000000
54.000000
54.000000
54.000000
54.000000
54.000000
58.000000
2752.000000
58.000000
54.000000
54.000000
54.000000
54.000000
54.000000
54.000000
54.000000
54.000000
54.000000
54.000000
55.000000
54.000000
54.000000
57.000000
1512.000000
55.000000
54.000000
55.000000
54.000000
54.000000
55.000000
55.000000
54.000000
54.000000
20025.000000
54.000000
58.000000
54.000000
55.000000
54.000000
57.000000
57.000000
54.000000
54.000000
57.000000
54.000000
54.000000
54.000000
54.000000
54.000000
55.000000
54.000000
54.000000
54.000000
54.000000
55.000000
54.000000
54.000000
57.000000
55.000000
54.000000
266.000000
54.000000
54.000000
54.000000
55.000000
54.000000
55.000000
54.000000
54.000000
54.000000
54.000000
55.000000
54.000000
55.000000
54.000000
57.000000
54.000000
54.000000
54.000000
54.000000
55.000000
55.000000
54.000000
54.000000
54.000000
54.000000
55.000000
2351.000000
54.000000
507.000000
57.000000
54.000000
55.000000
55.000000
54.000000
54.000000
54.000000
55.000000
182250.000000
57.000000
55.000000
54.000000
54.000000
54.000000
54.000000
54.000000
54.000000
54.000000
1496.000000
54.000000
54.000000
54.000000
54.000000
54.000000
55.000000
57.000000
54.000000
291.000000
54.000000
55.000000
10942.000000
54.000000
54.000000
55.000000
55.000000
20007.000000
55.000000
54.000000
54.000000
55.000000
54.000000
54.000000
1584.000000
54.000000
1608.000000
54.000000
54.000000
54.000000
55.000000
54.000000
55.000000
55.000000
54.000000
54.000000
55.000000
20009.000000
54.000000
55.000000
54.000000
54.000000
54.000000
54.000000
1636.000000
55.000000
54.000000
55.000000
55.000000
54.000000
57.000000
54.000000
54.000000
55.000000
58.000000
54.000000
55.000000
55.000000
54.000000
95.000000
54.000000
1716.000000
54.000000
54.000000
54.000000
54.000000
54.000000
54.000000
435.000000
57.000000
54.000000
57.000000
54.000000
54.000000
54.000000
54.000000
55.000000
54.000000
55.000000
54.000000
54.000000
54.000000
57.000000
54.000000
54.000000
54.000000
54.000000
54.000000
66.000000
55.000000
54.000000
55.000000
57.000000
55.000000
54.000000
54.000000
55.000000
11737.000000
55.000000
54.000000
55.000000
55.000000
54.000000
54.000000
54.000000
54.000000
54.000000
54.000000
54.000000
54.000000
54.000000
54.000000
58.000000
54.000000
54.000000
54.000000
447.000000
54.000000
58.000000
55.000000
54.000000
10648.000000
54.000000
55.000000
54.000000
54.000000
54.000000
54.000000
54.000000
54.000000
54.000000
54.000000
54.000000
105.000000
54.000000
222.000000
200.000000
207.000000
55.000000
54.000000
54.000000
1913.000000
257.000000
218.000000
190039.000000
187.000000
236.000000
54.000000
108.000000
54.000000
54.000000
58.000000
54.000000
55.000000
54.000000
372.000000
54.000000
54.000000
54.000000
55.000000
112.000000
54.000000
139.000000
109.000000
54.000000
57.000000
54.000000
54.000000
108.000000
54.000000
109.000000
55.000000
115.000000
55.000000
55.000000
621113.000000
55.000000
132.000000
578868.000000
55.000000
54.000000
55.000000
54.000000
110.000000
114.000000
574322.000000
149.000000
109.000000
54.000000
108.000000
54.000000
54.000000
157.000000
106.000000
55.000000
54.000000
55.000000
109.000000
54.000000
54.000000
109.000000
54.000000
106.000000
54.000000
77.000000
109.000000
55.000000
114.000000
109.000000
54.000000
54.000000
398.000000
54.000000
121.000000
242951.000000
54.000000
19753.000000
54.000000
55.000000
54.000000
54.000000
54.000000
20037.000000
57.000000
746882.000000
109.000000
111.000000
55.000000
106.000000
54.000000
54.000000
54.000000
54.000000
54.000000
54.000000
54.000000
165.000000
55.000000
54.000000
96.000000
170.000000
54.000000
54.000000
115.000000
505595.000000
149.000000
112.000000
190.000000
55.000000
54.000000
55.000000
54.000000
54.000000
57.000000
57.000000
135.000000
54.000000
113.000000
55.000000
57.000000
124.000000
112.000000
55.000000
55.000000
54.000000
54.000000
55.000000
54.000000
54.000000
54.000000
114.000000
54.000000
57.000000
535139.000000
54.000000
54.000000
55.000000
55.000000
105.000000
106.000000
121.000000
54.000000
54.000000
54.000000
110.000000
54.000000
309952.000000
111.000000
54.000000
54.000000
158.000000
220.000000
109.000000
54.000000
106.000000
55.000000
174701.000000
112.000000
54.000000
54.000000
54.000000
54.000000
110.000000
54.000000
112.000000
127.000000
181.000000
54.000000
54.000000
54.000000
54.000000
54.000000
54.000000
54.000000
54.000000
57.000000
54.000000
54.000000
55.000000
54.000000
190427.000000
112.000000
108.000000
55.000000
55.000000
57.000000
54.000000
54.000000
57.000000
54.000000
54.000000
188293.000000
148.000000
54.000000
170.000000
105.000000
135.000000
109.000000
54.000000
55.000000
55.000000
54.000000
55.000000
54.000000
54.000000
561.000000
112.000000
54.000000
55.000000
54.000000
54.000000
166.000000
96.000000
506120.000000
191180.000000
308.000000
54.000000
55.000000
54.000000
57.000000
55.000000
55.000000
54.000000
55.000000
55.000000
55.000000
54.000000
99.000000
54.000000
54.000000
58.000000
54.000000
58.000000
54.000000
186668.000000
55.000000
54.000000
54.000000
54.000000
54.000000
173.000000
54.000000
115.000000
291.000000
54.000000
55.000000
55.000000
54.000000
