1281.000000
55.000000
55.000000
55.000000
54.000000
54.000000
1715.000000
55.000000
55.000000
1729.000000
55.000000
20007.000000
55.000000
55.000000
55.000000
1720.000000
1724.000000
55.000000
55.000000
55.000000
55.000000
55.000000
55.000000
55.000000
56.000000
55.000000
55.000000
59.000000
55.000000
20008.000000
1776.000000
55.000000
55.000000
55.000000
55.000000
55.000000
1818.000000
55.000000
55.000000
55.000000
54.000000
1830.000000
55.000000
1838.000000
55.000000
55.000000
54.000000
56.000000
59.000000
55.000000
55.000000
6774.000000
55.000000
55.000000
55.000000
55.000000
55.000000
55.000000
55.000000
1931.000000
54.000000
54.000000
56.000000
1970.000000
55.000000
55.000000
942.000000
55.000000
818.000000
59.000000
55.000000
59.000000
59.000000
55.000000
55.000000
55.000000
59.000000
55.000000
55.000000
55.000000
55.000000
55.000000
54.000000
54.000000
56.000000
55.000000
55.000000
55.000000
55.000000
55.000000
56.000000
55.000000
58.000000
55.000000
60.000000
55.000000
59.000000
56.000000
59.000000
59.000000
741.000000
55.000000
56.000000
55.000000
55.000000
56.000000
80.000000
55.000000
55.000000
798.000000
55.000000
55.000000
55.000000
55.000000
55.000000
56.000000
56.000000
56.000000
59.000000
55.000000
55.000000
55.000000
54.000000
828.000000
55.000000
55.000000
55.000000
55.000000
55.000000
177.000000
190.000000
55.000000
55.000000
55.000000
59.000000
55.000000
55.000000
55.000000
54.000000
55.000000
54.000000
58.000000
55.000000
54.000000
54.000000
55.000000
55.000000
55.000000
55.000000
55.000000
54.000000
54.000000
54.000000
55.000000
54.000000
54.000000
55.000000
1231.000000
55.000000
54.000000
54.000000
55.000000
54.000000
55.000000
55.000000
55.000000
58.000000
1346.000000
55.000000
58.000000
58.000000
55.000000
55.000000
55.000000
118.000000
58.000000
55.000000
54.000000
113.000000
54.000000
141.000000
54.000000
54.000000
209.000000
54.000000
58.000000
54.000000
216.000000
235.000000
54.000000
54.000000
57.000000
57.000000
57.000000
55.000000
54.000000
54.000000
54.000000
66.000000
55.000000
54.000000
54.000000
55.000000
54.000000
54.000000
54.000000
54.000000
54.000000
96782.000000
54.000000
58.000000
97.000000
55.000000
112.000000
118.000000
117.000000
116.000000
116.000000
55.000000
54.000000
54.000000
54.000000
54.000000
54.000000
119.000000
54.000000
55.000000
54.000000
54.000000
55.000000
56.000000
54.000000
54.000000
55.000000
54.000000
55.000000
54.000000
54.000000
54.000000
54.000000
54.000000
106.000000
188070.000000
59.000000
191177.000000
54.000000
55.000000
54.000000
54.000000
54.000000
54.000000
57.000000
54.000000
55.000000
55.000000
57.000000
55.000000
55.000000
55.000000
106.000000
54.000000
55.000000
58.000000
54.000000
55.000000
107.000000
54.000000
55.000000
55.000000
106.000000
54.000000
54.000000
54.000000
54.000000
57.000000
54.000000
55.000000
54.000000
17503.000000
54.000000
54.000000
54.000000
54.000000
54.000000
57.000000
54.000000
55.000000
45500.000000
54.000000
54.000000
54.000000
57.000000
25440.000000
54.000000
54.000000
55.000000
54.000000
55.000000
54.000000
55.000000
55.000000
54.000000
55.000000
57.000000
54.000000
54.000000
54.000000
54.000000
54.000000
57.000000
54.000000
58.000000
55.000000
54.000000
54.000000
54.000000
54.000000
54.000000
55.000000
54.000000
45746.000000
55.000000
55.000000
55.000000
54.000000
54.000000
134.000000
54.000000
54.000000
57.000000
54.000000
55.000000
54.000000
55.000000
55.000000
54.000000
54.000000
54.000000
54.000000
55.000000
776.000000
54.000000
54.000000
54.000000
54.000000
54.000000
58.000000
55.000000
54.000000
54.000000
57.000000
54.000000
888.000000
54.000000
55.000000
57.000000
58.000000
54.000000
55.000000
54.000000
58.000000
191767.000000
54.000000
55.000000
54.000000
55.000000
54.000000
54.000000
220.000000
106.000000
54.000000
54.000000
54.000000
54.000000
54.000000
55.000000
54.000000
34059.000000
54.000000
26302.000000
55.000000
595.000000
60.000000
55.000000
54.000000
58.000000
54.000000
54.000000
54.000000
55.000000
54.000000
54.000000
55.000000
55.000000
54.000000
740.000000
57.000000
55.000000
58.000000
58.000000
54.000000
55.000000
54.000000
54.000000
54.000000
54.000000
54.000000
54.000000
54.000000
54.000000
21984.000000
54.000000
23318.000000
54.000000
2576.000000
55.000000
54.000000
54.000000
54.000000
57.000000
58.000000
54.000000
55.000000
57.000000
54.000000
54.000000
57.000000
54.000000
959.000000
54.000000
58.000000
55.000000
54.000000
54.000000
467.000000
54.000000
109.000000
54.000000
57.000000
54.000000
106.000000
54.000000
54.000000
54.000000
55.000000
54.000000
54.000000
54.000000
54.000000
54.000000
54.000000
55.000000
477.000000
55.000000
54.000000
55.000000
850.000000
54.000000
55.000000
54.000000
55.000000
55.000000
54.000000
54.000000
41097.000000
23515.000000
57.000000
54.000000
54.000000
54.000000
55.000000
55.000000
54.000000
55.000000
54.000000
54.000000
57.000000
54.000000
54.000000
55.000000
54.000000
54.000000
54.000000
54.000000
54.000000
55.000000
20520.000000
54.000000
54.000000
54.000000
54.000000
57.000000
54.000000
55.000000
57.000000
54.000000
57.000000
54.000000
54.000000
55.000000
27704.000000
55.000000
432.000000
54.000000
55.000000
54.000000
54.000000
54.000000
54.000000
55.000000
54.000000
54.000000
54.000000
54.000000
54.000000
54.000000
54.000000
54.000000
55.000000
54.000000
54.000000
55.000000
54.000000
58.000000
54.000000
54.000000
58.000000
55.000000
54.000000
54.000000
16023.000000
55.000000
54.000000
54.000000
54.000000
54.000000
54.000000
109.000000
55.000000
54.000000
54.000000
54.000000
58.000000
54.000000
191565.000000
55.000000
54.000000
54.000000
54.000000
55.000000
106.000000
55.000000
54.000000
54.000000
55.000000
23536.000000
55.000000
54.000000
55.000000
58.000000
54.000000
54.000000
54.000000
54.000000
54.000000
57.000000
54.000000
58.000000
54.000000
54.000000
55.000000
54.000000
