60.000000
63.000000
60.000000
60.000000
61.000000
61.000000
60.000000
61.000000
61.000000
61.000000
54.000000
61.000000
61.000000
60.000000
61.000000
64.000000
61.000000
61.000000
61.000000
64.000000
60.000000
61.000000
61.000000
65.000000
62.000000
60.000000
61.000000
60.000000
64.000000
64.000000
54.000000
60.000000
64.000000
60.000000
16885.000000
61.000000
61.000000
3426.000000
61.000000
64.000000
61.000000
60.000000
60.000000
68.000000
60.000000
61.000000
63.000000
166.000000
63.000000
61.000000
54.000000
60.000000
61.000000
60.000000
54.000000
61.000000
60.000000
60.000000
64.000000
60.000000
60.000000
60.000000
79.000000
60.000000
1681.000000
60.000000
61.000000
60.000000
61.000000
72.000000
60.000000
60.000000
2746.000000
61.000000
61.000000
60.000000
60.000000
62.000000
61.000000
60.000000
