55.000000
54.000000
55.000000
58.000000
54.000000
54.000000
54.000000
55.000000
55.000000
54.000000
54.000000
54.000000
54.000000
57.000000
20049.000000
55.000000
55.000000
57.000000
55.000000
54.000000
54.000000
55.000000
54.000000
54.000000
58.000000
55.000000
57.000000
54.000000
54.000000
54.000000
54.000000
54.000000
54.000000
55.000000
57.000000
58.000000
54.000000
55.000000
54.000000
639.000000
54.000000
54.000000
55.000000
54.000000
54.000000
20051.000000
54.000000
54.000000
54.000000
54.000000
55.000000
55.000000
54.000000
55.000000
58.000000
54.000000
58.000000
54.000000
54.000000
54.000000
54.000000
54.000000
54.000000
54.000000
54.000000
54.000000
54.000000
55.000000
54.000000
55.000000
54.000000
54.000000
11358.000000
54.000000
54.000000
54.000000
54.000000
55.000000
58.000000
54.000000
54.000000
55.000000
54.000000
54.000000
55.000000
185.000000
54.000000
54.000000
54.000000
54.000000
55.000000
54.000000
54.000000
54.000000
54.000000
57.000000
54.000000
686.000000
54.000000
55.000000
55.000000
55.000000
54.000000
54.000000
54.000000
55.000000
54.000000
55.000000
760.000000
764.000000
