179.000000
199.000000
171.000000
171.000000
8302.000000
191.000000
173.000000
171.000000
188.000000
169.000000
185.000000
186.000000
170.000000
183.000000
167.000000
177.000000
178.000000
181.000000
170.000000
170.000000
169.000000
170.000000
528.000000
245.000000
118.000000
169.000000
187.000000
177.000000
190.000000
182.000000
193.000000
170.000000
119.000000
170.000000
182.000000
193.000000
228.000000
191.000000
170.000000
164.000000
169.000000
168.000000
170.000000
169.000000
186.000000
176.000000
126.000000
176.000000
177.000000
173.000000
177.000000
170.000000
224.000000
118.000000
187.000000
235.000000
8297.000000
170.000000
24175.000000
182.000000
172.000000
170.000000
116.000000
169.000000
116.000000
167.000000
224.000000
238.000000
177.000000
169.000000
227.000000
176.000000
300.000000
186.000000
178.000000
181.000000
163.000000
168.000000
195.000000
169.000000
