1318.000000
115.000000
114.000000
114.000000
106.000000
146.000000
191.000000
139.000000
120.000000
126.000000
151.000000
117.000000
226.000000
1007.000000
106.000000
1159.000000
106.000000
114.000000
122.000000
1653.000000
117.000000
118.000000
120.000000
1365.000000
118.000000
67.000000
436.000000
1080.000000
119.000000
69.000000
106.000000
124.000000
121.000000
1870.000000
118.000000
114.000000
120.000000
128.000000
105.000000
134.000000
869.000000
3125.000000
2363.000000
143.000000
123.000000
149.000000
105.000000
128.000000
148.000000
154.000000
126.000000
117.000000
1333.000000
66.000000
122.000000
2046.000000
130.000000
1384.000000
114.000000
120.000000
106.000000
132.000000
150.000000
120.000000
123.000000
133.000000
106.000000
1377.000000
127.000000
72.000000
131.000000
80.000000
79.000000
127.000000
120.000000
106.000000
125.000000
1155.000000
70.000000
1964.000000
122.000000
106.000000
117.000000
126.000000
137.000000
69.000000
138.000000
119.000000
190.000000
109.000000
118.000000
172.000000
116.000000
122.000000
190.000000
106.000000
2183.000000
123.000000
124.000000
139.000000
63.000000
68.000000
195.000000
131.000000
122.000000
129.000000
118.000000
118.000000
128.000000
118.000000
65.000000
65.000000
131.000000
127.000000
125.000000
138.000000
140.000000
63.000000
66.000000
147.000000
126.000000
138.000000
1442.000000
128.000000
124.000000
135.000000
850.000000
642.000000
177.000000
192.000000
126.000000
117.000000
139.000000
217.000000
133.000000
129.000000
122.000000
118.000000
67.000000
121.000000
115.000000
137.000000
2493.000000
124.000000
6714.000000
1182.000000
2782.000000
1870.000000
125.000000
71.000000
130.000000
136.000000
118.000000
28110.000000
119.000000
132.000000
116.000000
142.000000
2532.000000
1540.000000
106.000000
120.000000
145.000000
127.000000
209.000000
78.000000
118.000000
120.000000
117.000000
2891.000000
884.000000
536.000000
132.000000
119.000000
130.000000
117.000000
117.000000
123.000000
115.000000
191.000000
136.000000
210.000000
186.000000
119.000000
180.000000
122.000000
71.000000
116.000000
137.000000
110.000000
119.000000
152.000000
106.000000
417.000000
106.000000
127.000000
124.000000
137.000000
119.000000
145.000000
738.000000
129.000000
66.000000
124.000000
1479.000000
118.000000
114.000000
71.000000
116.000000
150.000000
115.000000
114.000000
117.000000
150.000000
125.000000
135.000000
138.000000
132.000000
117.000000
65.000000
224.000000
113.000000
122.000000
263.000000
334.000000
127.000000
127.000000
129.000000
117.000000
116.000000
206.000000
135.000000
187.000000
186.000000
126.000000
115.000000
109.000000
119.000000
116.000000
117.000000
114.000000
115.000000
115.000000
138.000000
114.000000
152.000000
116.000000
3410.000000
135.000000
71.000000
117.000000
67.000000
137.000000
116.000000
106.000000
117.000000
123.000000
112.000000
116.000000
189.000000
126.000000
124.000000
123.000000
115.000000
115.000000
121.000000
123.000000
109.000000
117.000000
144.000000
106.000000
198.000000
123.000000
117.000000
127.000000
137.000000
117.000000
187.000000
137.000000
106.000000
65.000000
117.000000
2588.000000
115.000000
186.000000
137.000000
116.000000
125.000000
66.000000
127.000000
130.000000
117.000000
118.000000
123.000000
187.000000
117.000000
115.000000
130.000000
219.000000
187.000000
66.000000
124.000000
65.000000
117.000000
118.000000
117.000000
135.000000
173.000000
118.000000
113.000000
28084.000000
76.000000
197.000000
210.000000
123.000000
117.000000
677.000000
136.000000
62.000000
146.000000
186.000000
105.000000
120.000000
117.000000
116.000000
121.000000
123.000000
168.000000
279.000000
129.000000
121.000000
200.000000
172.000000
191.000000
173.000000
190.000000
169.000000
184.000000
191.000000
1147.000000
190.000000
197.000000
327.000000
111.000000
183.000000
162.000000
233.000000
172.000000
171.000000
179.000000
231.000000
182.000000
179.000000
171.000000
243.000000
192.000000
233.000000
252.000000
189.000000
192.000000
178.000000
237.000000
173.000000
245.000000
1229.000000
234.000000
181.000000
1025.000000
428.000000
123.000000
260.000000
184.000000
288.000000
296.000000
119.000000
250.000000
193.000000
181.000000
216.000000
184.000000
179.000000
1974.000000
182.000000
173.000000
191.000000
172.000000
180.000000
171.000000
170.000000
187.000000
171.000000
183.000000
325.000000
160.000000
185.000000
306.000000
185.000000
193.000000
169.000000
197.000000
191.000000
251.000000
313.000000
119.000000
186.000000
183.000000
189.000000
177.000000
1800.000000
299.000000
272.000000
251.000000
255.000000
125.000000
214.000000
185.000000
172.000000
300.000000
246.000000
250.000000
178.000000
211.000000
189.000000
193.000000
193.000000
249.000000
175.000000
1462.000000
211.000000
2375.000000
164.000000
122.000000
263.000000
253.000000
195.000000
191.000000
243.000000
295.000000
165.000000
179.000000
243.000000
2155.000000
189.000000
169.000000
194.000000
264.000000
182.000000
171.000000
164.000000
330.000000
193.000000
237.000000
343.000000
181.000000
170.000000
181.000000
161.000000
177.000000
250.000000
2394.000000
172.000000
1112.000000
191.000000
181.000000
187.000000
1526.000000
126.000000
187.000000
198.000000
124.000000
131.000000
1206.000000
319.000000
126.000000
181.000000
175.000000
174.000000
172.000000
967.000000
174.000000
175.000000
182.000000
122.000000
302.000000
121.000000
881.000000
1596.000000
239.000000
256.000000
190.000000
183.000000
190.000000
183.000000
180.000000
181.000000
232.000000
177.000000
218.000000
177.000000
189.000000
197.000000
267.000000
223.000000
180.000000
173.000000
176.000000
249.000000
177.000000
1318.000000
175.000000
172.000000
200.000000
175.000000
173.000000
252.000000
318.000000
174.000000
175.000000
175.000000
189.000000
247.000000
176.000000
174.000000
191.000000
182.000000
122.000000
174.000000
148.000000
246.000000
386.000000
1356.000000
180.000000
179.000000
176.000000
176.000000
1346.000000
174.000000
196.000000
126.000000
199.000000
240.000000
129.000000
149.000000
120.000000
195.000000
269.000000
289.000000
181.000000
1277.000000
184.000000
201.000000
177.000000
200.000000
182.000000
344.000000
244.000000
258.000000
288.000000
179.000000
194.000000
188.000000
1682.000000
332.000000
177.000000
235.000000
174.000000
9192.000000
2567.000000
180.000000
194.000000
188.000000
192.000000
196.000000
1713.000000
188.000000
182.000000
176.000000
185.000000
128.000000
166.000000
185.000000
197.000000
247.000000
187.000000
182.000000
178.000000
1263.000000
176.000000
203.000000
178.000000
245.000000
180.000000
235.000000
184.000000
160.000000
175.000000
172.000000
2788.000000
343.000000
253.000000
458.000000
255.000000
184.000000
228.000000
262.000000
412.000000
176.000000
274.000000
199.000000
253.000000
245.000000
250.000000
228.000000
237.000000
233.000000
231.000000
249.000000
226.000000
181.000000
360.000000
289.000000
652.000000
229.000000
295.000000
225.000000
245.000000
212.000000
2421.000000
225.000000
282.000000
178.000000
1310.000000
680.000000
313.000000
369.000000
29700.000000
251.000000
353.000000
211.000000
73535.000000
201.000000
316.000000
222.000000
1059.000000
29941.000000
202.000000
313.000000
253.000000
1341.000000
29040.000000
214.000000
345.000000
137.000000
260.000000
262.000000
230.000000
976.000000
1005.000000
406.000000
225.000000
402.000000
405.000000
754.000000
256.000000
33737.000000
323.000000
28556.000000
462.000000
962.000000
1170.000000
763.000000
507.000000
27290.000000
799.000000
566.000000
27240.000000
638.000000
21052.000000
444.000000
564.000000
696.000000
440.000000
913.000000
441.000000
869.000000
882.000000
518.000000
27458.000000
442.000000
601.000000
28251.000000
27949.000000
1047.000000
27416.000000
408.000000
503.000000
678.000000
23449.000000
27692.000000
703.000000
26902.000000
848.000000
26485.000000
27380.000000
26714.000000
574.000000
23018.000000
634.000000
21489.000000
1714.000000
23861.000000
799.000000
978.000000
28157.000000
29108.000000
505.000000
455.000000
444.000000
27565.000000
457.000000
635.000000
451.000000
26407.000000
446.000000
23581.000000
450.000000
442.000000
392.000000
442.000000
885.000000
1846.000000
572.000000
440.000000
26130.000000
435.000000
582.000000
695.000000
566.000000
503.000000
27281.000000
510.000000
742.000000
514.000000
698.000000
4448.000000
766.000000
23479.000000
454.000000
823.000000
27389.000000
516.000000
816.000000
27786.000000
517.000000
27496.000000
784.000000
391.000000
628.000000
520.000000
464.000000
1193.000000
44293.000000
536.000000
883.000000
827.000000
884.000000
771.000000
522.000000
51813.000000
51880.000000
874.000000
55977.000000
55607.000000
52496.000000
897.000000
639.000000
1512.000000
51271.000000
51493.000000
462.000000
55479.000000
699.000000
52204.000000
55296.000000
54759.000000
574.000000
500.000000
55532.000000
592.000000
567.000000
572.000000
51953.000000
579.000000
51492.000000
55683.000000
51496.000000
51820.000000
55444.000000
51688.000000
884.000000
55387.000000
696.000000
752.000000
389.000000
54348.000000
454.000000
53435.000000
616.000000
546.000000
1016.000000
772.000000
55212.000000
51899.000000
53544.000000
53433.000000
53947.000000
51835.000000
622.000000
789.000000
53838.000000
53618.000000
53743.000000
802.000000
1659.000000
1214.000000
53693.000000
686.000000
54574.000000
53846.000000
1167.000000
640.000000
586.000000
51631.000000
53522.000000
978.000000
504.000000
53454.000000
487.000000
53260.000000
810.000000
53529.000000
54185.000000
53715.000000
53232.000000
53491.000000
51354.000000
755.000000
51553.000000
789.000000
677.000000
674.000000
629.000000
944.000000
729.000000
53973.000000
1004.000000
53500.000000
735.000000
580.000000
800.000000
52776.000000
494.000000
682.000000
675.000000
622.000000
616.000000
677.000000
719.000000
683.000000
54447.000000
1007.000000
53792.000000
494.000000
538.000000
735.000000
783.000000
53187.000000
53496.000000
512.000000
989.000000
1179.000000
53906.000000
53194.000000
574.000000
51392.000000
893.000000
570.000000
780.000000
53402.000000
53776.000000
54311.000000
630.000000
982.000000
625.000000
878.000000
799.000000
664.000000
632.000000
715.000000
54084.000000
54250.000000
494.000000
889.000000
1801.000000
161755.000000
945.000000
53389.000000
636.000000
1341.000000
1462.000000
53907.000000
767.000000
696.000000
854.000000
810.000000
54076.000000
53912.000000
807.000000
53886.000000
816.000000
698.000000
53710.000000
53464.000000
563.000000
53028.000000
556.000000
53815.000000
53589.000000
1623.000000
760.000000
509.000000
980.000000
919.000000
726.000000
53420.000000
441.000000
2235.000000
577.000000
53597.000000
814.000000
53313.000000
680.000000
53420.000000
53410.000000
630.000000
54325.000000
53530.000000
991.000000
54361.000000
949.000000
976.000000
631.000000
679.000000
689.000000
54472.000000
53728.000000
637.000000
624.000000
53130.000000
53044.000000
607.000000
53648.000000
53819.000000
915.000000
761.000000
736.000000
507.000000
53371.000000
502.000000
53942.000000
53583.000000
53188.000000
1083.000000
443.000000
53503.000000
52412.000000
557.000000
54118.000000
53208.000000
1013.000000
621.000000
52711.000000
558.000000
668.000000
989.000000
53956.000000
444.000000
627.000000
695.000000
53749.000000
491.000000
53194.000000
505.000000
810.000000
736.000000
795.000000
53646.000000
654.000000
1038.000000
1121.000000
917.000000
54110.000000
495.000000
51060.000000
1498.000000
505.000000
504.000000
926.000000
841.000000
622.000000
629.000000
54226.000000
53763.000000
433.000000
631.000000
756.000000
566.000000
731.000000
493.000000
932.000000
161855.000000
556.000000
558.000000
53487.000000
444.000000
884.000000
53389.000000
52695.000000
409.000000
577.000000
53272.000000
865.000000
570.000000
54102.000000
509.000000
494.000000
464.000000
53449.000000
639.000000
1518.000000
53496.000000
52438.000000
1183.000000
519.000000
1536.000000
53504.000000
53188.000000
575.000000
982.000000
53827.000000
988.000000
959.000000
53653.000000
745.000000
730.000000
626.000000
682.000000
54242.000000
936.000000
52979.000000
54040.000000
511.000000
1450.000000
54409.000000
53753.000000
53875.000000
1165.000000
161601.000000
53472.000000
596.000000
53390.000000
53528.000000
992.000000
510.000000
54297.000000
53226.000000
632.000000
695.000000
441.000000
616.000000
1326.000000
53954.000000
716.000000
53170.000000
564.000000
51862.000000
1073.000000
53241.000000
755.000000
983.000000
628.000000
53628.000000
54061.000000
921.000000
52610.000000
53349.000000
53616.000000
53640.000000
1500.000000
572.000000
995.000000
682.000000
725.000000
575.000000
53312.000000
737.000000
716.000000
1531.000000
819.000000
1110.000000
1476.000000
497.000000
2469.000000
53881.000000
759.000000
761.000000
877.000000
609.000000
499.000000
502.000000
53587.000000
564.000000
53725.000000
502.000000
53488.000000
53661.000000
741.000000
53640.000000
557.000000
758.000000
497.000000
516.000000
510.000000
53924.000000
981.000000
562.000000
564.000000
52183.000000
793.000000
51953.000000
885.000000
841.000000
825.000000
571.000000
626.000000
530.000000
833.000000
498.000000
1503.000000
620.000000
1011.000000
933.000000
570.000000
53194.000000
982.000000
52288.000000
53549.000000
1530.000000
613.000000
53227.000000
913.000000
853.000000
795.000000
1561.000000
579.000000
716.000000
696.000000
666.000000
753.000000
730.000000
53437.000000
574.000000
749.000000
51301.000000
629.000000
50860.000000
833.000000
885.000000
792.000000
51601.000000
623.000000
53096.000000
54193.000000
54030.000000
697.000000
53906.000000
1015.000000
53576.000000
798.000000
53471.000000
952.000000
985.000000
1606.000000
747.000000
52932.000000
571.000000
53666.000000
953.000000
840.000000
832.000000
998.000000
786.000000
1433.000000
576.000000
571.000000
54241.000000
54064.000000
723.000000
1003.000000
984.000000
53332.000000
1048.000000
