116.000000
133.000000
113.000000
123.000000
64.000000
123.000000
116.000000
1874.000000
1047.000000
135.000000
115.000000
621.000000
2303.000000
141.000000
133.000000
131.000000
106.000000
130.000000
28146.000000
109.000000
116.000000
123.000000
136.000000
203.000000
134.000000
140.000000
195.000000
117.000000
125.000000
133.000000
106.000000
116.000000
185.000000
109.000000
123.000000
146.000000
151.000000
122.000000
115.000000
116.000000
133.000000
136.000000
115.000000
809.000000
135.000000
116.000000
116.000000
121.000000
1499.000000
114.000000
121.000000
122.000000
119.000000
123.000000
63.000000
115.000000
120.000000
2616.000000
470.000000
1458.000000
191.000000
117.000000
134.000000
115.000000
140.000000
64.000000
123.000000
124.000000
710.000000
117.000000
137.000000
28119.000000
124.000000
116.000000
137.000000
116.000000
117.000000
119.000000
116.000000
2645.000000
116.000000
122.000000
1003.000000
184.000000
1650.000000
4655.000000
121.000000
116.000000
122.000000
1834.000000
140.000000
114.000000
114.000000
127.000000
184.000000
125.000000
2477.000000
113.000000
116.000000
135.000000
118.000000
213.000000
123.000000
114.000000
189.000000
113.000000
122.000000
123.000000
117.000000
114.000000
1525.000000
124.000000
117.000000
123.000000
121.000000
176.000000
114.000000
192.000000
71.000000
113.000000
67.000000
128.000000
105.000000
105.000000
115.000000
142.000000
121.000000
135.000000
116.000000
126.000000
204.000000
187.000000
124.000000
65.000000
123.000000
137.000000
115.000000
113.000000
491.000000
116.000000
113.000000
12687.000000
138.000000
116.000000
116.000000
114.000000
64.000000
110.000000
114.000000
121.000000
125.000000
134.000000
124.000000
114.000000
134.000000
111.000000
122.000000
119.000000
114.000000
117.000000
134.000000
115.000000
125.000000
113.000000
116.000000
114.000000
2699.000000
140.000000
148.000000
115.000000
125.000000
1900.000000
189.000000
115.000000
113.000000
146.000000
117.000000
117.000000
125.000000
119.000000
198.000000
116.000000
135.000000
113.000000
116.000000
115.000000
125.000000
126.000000
463.000000
3120.000000
115.000000
113.000000
133.000000
137.000000
116.000000
1009.000000
136.000000
182.000000
114.000000
2677.000000
106.000000
126.000000
116.000000
64.000000
115.000000
600.000000
2795.000000
115.000000
127.000000
114.000000
126.000000
116.000000
2886.000000
116.000000
149.000000
67.000000
186.000000
124.000000
128.000000
124.000000
119.000000
116.000000
122.000000
125.000000
116.000000
106.000000
136.000000
120.000000
117.000000
121.000000
2797.000000
115.000000
153.000000
136.000000
118.000000
123.000000
113.000000
12707.000000
190.000000
120.000000
186.000000
118.000000
132.000000
116.000000
63.000000
127.000000
116.000000
189.000000
115.000000
833.000000
118.000000
203.000000
3038.000000
127.000000
2392.000000
68.000000
115.000000
116.000000
114.000000
115.000000
1296.000000
127.000000
195.000000
115.000000
125.000000
116.000000
114.000000
123.000000
116.000000
290.000000
108.000000
189.000000
73.000000
135.000000
7011.000000
124.000000
116.000000
105.000000
3341.000000
135.000000
115.000000
115.000000
118.000000
119.000000
119.000000
64.000000
116.000000
140.000000
123.000000
115.000000
118.000000
125.000000
124.000000
140.000000
116.000000
116.000000
129.000000
726.000000
113.000000
122.000000
106.000000
67.000000
115.000000
132.000000
121.000000
64.000000
114.000000
144.000000
68.000000
1813.000000
106.000000
146.000000
123.000000
106.000000
118.000000
115.000000
119.000000
4271.000000
248.000000
247.000000
183.000000
257.000000
129.000000
2524.000000
174.000000
197.000000
248.000000
181.000000
199.000000
181.000000
114.000000
193.000000
179.000000
197.000000
246.000000
177.000000
197.000000
247.000000
438.000000
250.000000
185.000000
248.000000
182.000000
179.000000
184.000000
24150.000000
211.000000
186.000000
182.000000
189.000000
179.000000
268.000000
172.000000
178.000000
246.000000
176.000000
715.000000
187.000000
74.000000
179.000000
251.000000
177.000000
87.000000
181.000000
178.000000
350.000000
74.000000
256.000000
2170.000000
465.000000
446.000000
305.000000
304.000000
270.000000
233.000000
262.000000
238.000000
244.000000
244.000000
322.000000
318.000000
274.000000
312.000000
187.000000
234.000000
1053.000000
1103.000000
1182.000000
245.000000
238.000000
235.000000
252.000000
181.000000
298.000000
467.000000
327.000000
185.000000
235.000000
234.000000
198.000000
290.000000
298.000000
136.000000
186.000000
261.000000
693.000000
718.000000
239.000000
260.000000
409.000000
443.000000
711.000000
234.000000
228.000000
366.000000
312.000000
20273.000000
364.000000
187.000000
232.000000
239.000000
248.000000
247.000000
233.000000
2485.000000
358.000000
248.000000
182.000000
305.000000
234.000000
410.000000
236.000000
235.000000
222.000000
253.000000
226.000000
309.000000
240.000000
302.000000
357.000000
310.000000
395.000000
245.000000
245.000000
1151.000000
826.000000
255.000000
261.000000
307.000000
251.000000
266.000000
266.000000
404.000000
268.000000
236.000000
230.000000
323.000000
404.000000
368.000000
239.000000
245.000000
303.000000
258.000000
236.000000
278.000000
242.000000
10448.000000
264.000000
308.000000
283.000000
324.000000
285.000000
188.000000
365.000000
840.000000
664.000000
174.000000
247.000000
307.000000
185.000000
659.000000
247.000000
424.000000
860.000000
1862.000000
305.000000
338.000000
311.000000
906.000000
311.000000
413.000000
411.000000
5884.000000
534.000000
515.000000
255.000000
314.000000
247.000000
719.000000
597.000000
606.000000
28927.000000
721.000000
310.000000
366.000000
381.000000
351.000000
302.000000
553.000000
238.000000
247.000000
244.000000
240.000000
283.000000
274.000000
469.000000
483.000000
424.000000
365.000000
305.000000
16172.000000
580.000000
297.000000
459.000000
290.000000
975.000000
665.000000
683.000000
374.000000
1198.000000
607.000000
597.000000
326.000000
405.000000
702.000000
603.000000
361.000000
536.000000
662.000000
734.000000
459.000000
1024.000000
26607.000000
25666.000000
26087.000000
825.000000
474.000000
25773.000000
1013.000000
27193.000000
940.000000
588.000000
636.000000
26090.000000
507.000000
1353.000000
574.000000
509.000000
2041.000000
720.000000
632.000000
510.000000
26250.000000
450.000000
895.000000
27232.000000
581.000000
507.000000
26508.000000
27088.000000
899.000000
602.000000
615.000000
26311.000000
532.000000
507.000000
714.000000
601.000000
25848.000000
858.000000
80479.000000
26810.000000
1064.000000
955.000000
26003.000000
26707.000000
1054.000000
586.000000
26478.000000
951.000000
891.000000
1020.000000
27073.000000
900.000000
1009.000000
1546.000000
457.000000
895.000000
577.000000
807.000000
589.000000
1720.000000
26343.000000
591.000000
26885.000000
578.000000
1333.000000
22756.000000
497.000000
26145.000000
400.000000
1481.000000
934.000000
925.000000
27644.000000
26411.000000
1033.000000
26573.000000
681.000000
453.000000
26401.000000
595.000000
578.000000
26327.000000
749.000000
2074.000000
26829.000000
571.000000
1787.000000
526.000000
910.000000
696.000000
24217.000000
27011.000000
2138.000000
500.000000
823.000000
1657.000000
1070.000000
1938.000000
535.000000
1011.000000
1840.000000
26174.000000
26681.000000
663.000000
539.000000
748.000000
1064.000000
412.000000
656.000000
958.000000
691.000000
24021.000000
773.000000
26685.000000
641.000000
686.000000
1006.000000
525.000000
868.000000
525.000000
524.000000
671.000000
687.000000
1555.000000
24296.000000
26406.000000
633.000000
703.000000
788.000000
1001.000000
597.000000
700.000000
26573.000000
580.000000
1016.000000
947.000000
2043.000000
1151.000000
2016.000000
525.000000
644.000000
697.000000
588.000000
26625.000000
26706.000000
855.000000
586.000000
760.000000
26813.000000
694.000000
1765.000000
954.000000
721.000000
2026.000000
718.000000
26856.000000
26336.000000
1248.000000
26294.000000
582.000000
807.000000
24533.000000
453.000000
26205.000000
650.000000
1736.000000
399.000000
1010.000000
26416.000000
26213.000000
757.000000
21144.000000
1857.000000
44290.000000
695.000000
1480.000000
693.000000
1542.000000
973.000000
44190.000000
749.000000
534.000000
733.000000
659.000000
42903.000000
42863.000000
44220.000000
769.000000
44638.000000
44525.000000
836.000000
735.000000
44510.000000
581.000000
454.000000
44268.000000
44420.000000
2457.000000
44667.000000
1809.000000
642.000000
729.000000
447.000000
581.000000
511.000000
44231.000000
44090.000000
1083.000000
511.000000
54321.000000
1573.000000
53649.000000
678.000000
984.000000
506.000000
509.000000
1641.000000
54071.000000
1792.000000
638.000000
829.000000
748.000000
54121.000000
1222.000000
623.000000
310.000000
53405.000000
53533.000000
455.000000
508.000000
54350.000000
1279.000000
763.000000
505.000000
789.000000
53694.000000
648.000000
51734.000000
1681.000000
660.000000
587.000000
587.000000
957.000000
1875.000000
768.000000
