61.000000
64.000000
60.000000
61.000000
60.000000
63.000000
54.000000
57.000000
60.000000
61.000000
60.000000
61.000000
54.000000
60.000000
54.000000
61.000000
60.000000
58.000000
60.000000
64.000000
60.000000
114.000000
113.000000
123.000000
115.000000
114.000000
113.000000
128.000000
181.000000
300.000000
1929.000000
11317.000000
3636.000000
190.000000
200.000000
312.000000
234.000000
231.000000
522.000000
174.000000
247.000000
120.000000
182.000000
163.000000
177.000000
172.000000
964.000000
172.000000
173.000000
246.000000
168.000000
294.000000
191.000000
116.000000
179.000000
169.000000
120.000000
181.000000
170.000000
176.000000
192.000000
175.000000
238.000000
169.000000
168.000000
246.000000
173.000000
169.000000
170.000000
176.000000
168.000000
308.000000
168.000000
169.000000
166.000000
168.000000
167.000000
330.000000
163.000000
296.000000
162.000000
323.000000
229.000000
174.000000
167.000000
170.000000
239.000000
328.000000
167.000000
167.000000
296.000000
165.000000
163.000000
113.000000
323.000000
179.000000
166.000000
167.000000
165.000000
1454.000000
198.000000
188.000000
120.000000
186.000000
245.000000
266.000000
190.000000
170.000000
349.000000
201.000000
181.000000
194.000000
181.000000
337.000000
170.000000
317.000000
1674.000000
935.000000
776.000000
117.000000
661.000000
168.000000
238.000000
189.000000
188.000000
224.000000
168.000000
239.000000
174.000000
167.000000
166.000000
167.000000
117.000000
167.000000
163.000000
173.000000
719.000000
165.000000
236.000000
567.000000
632.000000
424.000000
423.000000
117.000000
170.000000
170.000000
792.000000
735.000000
117.000000
175.000000
685.000000
993.000000
243.000000
182.000000
241.000000
166.000000
174.000000
297.000000
166.000000
171.000000
172.000000
179.000000
166.000000
167.000000
177.000000
232.000000
189.000000
222.000000
166.000000
184.000000
3714.000000
169.000000
6411.000000
171.000000
166.000000
772.000000
170.000000
168.000000
235.000000
174.000000
258.000000
163.000000
167.000000
873.000000
1385.000000
173.000000
170.000000
1210.000000
163.000000
239.000000
167.000000
167.000000
166.000000
1015.000000
168.000000
243.000000
244.000000
246.000000
1250.000000
1409.000000
188.000000
193.000000
288.000000
887.000000
172.000000
236.000000
216.000000
188.000000
24241.000000
165.000000
246.000000
117.000000
1246.000000
190.000000
240.000000
244.000000
114.000000
170.000000
1292.000000
191.000000
180.000000
239.000000
178.000000
167.000000
255.000000
1795.000000
236.000000
1695.000000
166.000000
183.000000
167.000000
173.000000
166.000000
228.000000
118.000000
162.000000
184.000000
167.000000
164.000000
177.000000
171.000000
3570.000000
224.000000
166.000000
180.000000
296.000000
176.000000
173.000000
166.000000
197.000000
176.000000
286.000000
163.000000
167.000000
242.000000
1919.000000
3060.000000
170.000000
185.000000
226.000000
240.000000
