61.000000
61.000000
1257.000000
61.000000
62.000000
61.000000
61.000000
64.000000
60.000000
61.000000
60.000000
62.000000
61.000000
186.000000
70.000000
2536.000000
12784.000000
115.000000
117.000000
115.000000
124.000000
106.000000
118.000000
127.000000
132.000000
186.000000
115.000000
121.000000
139.000000
124.000000
147.000000
65.000000
6136.000000
122.000000
186.000000
123.000000
120.000000
117.000000
125.000000
661.000000
138.000000
127.000000
65.000000
115.000000
197.000000
109.000000
118.000000
117.000000
121.000000
123.000000
125.000000
114.000000
116.000000
124.000000
116.000000
2718.000000
123.000000
118.000000
116.000000
124.000000
117.000000
116.000000
21513.000000
140.000000
121.000000
119.000000
117.000000
126.000000
117.000000
117.000000
124.000000
129.000000
123.000000
105.000000
216.000000
115.000000
122.000000
331.000000
115.000000
115.000000
116.000000
123.000000
119.000000
63.000000
65.000000
118.000000
62.000000
105.000000
116.000000
115.000000
127.000000
126.000000
121.000000
24063.000000
60.000000
54.000000
60.000000
61.000000
54.000000
60.000000
55.000000
54.000000
54.000000
54.000000
61.000000
61.000000
54.000000
63.000000
54.000000
54.000000
57.000000
54.000000
58.000000
54.000000
60.000000
54.000000
54.000000
54.000000
55.000000
60.000000
60.000000
64.000000
54.000000
55.000000
60.000000
63.000000
55.000000
60.000000
54.000000
54.000000
58.000000
60.000000
55.000000
54.000000
64.000000
54.000000
54.000000
60.000000
54.000000
55.000000
61.000000
54.000000
63.000000
54.000000
60.000000
60.000000
54.000000
60.000000
60.000000
61.000000
54.000000
54.000000
54.000000
54.000000
54.000000
54.000000
54.000000
60.000000
54.000000
55.000000
54.000000
61.000000
60.000000
57.000000
61.000000
63.000000
57.000000
55.000000
60.000000
54.000000
54.000000
60.000000
63.000000
55.000000
54.000000
60.000000
60.000000
54.000000
59.000000
54.000000
61.000000
54.000000
61.000000
54.000000
54.000000
61.000000
54.000000
54.000000
54.000000
54.000000
61.000000
61.000000
54.000000
54.000000
54.000000
54.000000
61.000000
61.000000
54.000000
54.000000
54.000000
61.000000
60.000000
54.000000
61.000000
54.000000
60.000000
60.000000
54.000000
60.000000
54.000000
54.000000
55.000000
60.000000
54.000000
54.000000
54.000000
60.000000
54.000000
63.000000
24061.000000
55.000000
58.000000
54.000000
54.000000
54.000000
54.000000
60.000000
55.000000
54.000000
54.000000
61.000000
54.000000
60.000000
61.000000
63.000000
61.000000
54.000000
60.000000
54.000000
60.000000
54.000000
60.000000
60.000000
60.000000
60.000000
54.000000
60.000000
55.000000
54.000000
54.000000
54.000000
60.000000
54.000000
64.000000
55.000000
54.000000
54.000000
55.000000
64.000000
54.000000
54.000000
60.000000
54.000000
61.000000
58.000000
60.000000
54.000000
54.000000
60.000000
60.000000
55.000000
54.000000
57.000000
60.000000
57.000000
54.000000
57.000000
54.000000
54.000000
