58.000000
54.000000
2425.000000
54.000000
57.000000
54.000000
54.000000
55.000000
54.000000
54.000000
54.000000
54.000000
54.000000
54.000000
58.000000
54.000000
54.000000
54.000000
54.000000
55.000000
55.000000
55.000000
57.000000
54.000000
11958.000000
55.000000
54.000000
54.000000
54.000000
55.000000
54.000000
54.000000
58.000000
2444.000000
57.000000
55.000000
57.000000
10667.000000
57.000000
55.000000
54.000000
55.000000
54.000000
55.000000
54.000000
54.000000
54.000000
55.000000
54.000000
54.000000
55.000000
54.000000
54.000000
54.000000
54.000000
55.000000
55.000000
55.000000
54.000000
54.000000
57.000000
55.000000
55.000000
54.000000
54.000000
54.000000
54.000000
54.000000
54.000000
54.000000
55.000000
54.000000
54.000000
55.000000
54.000000
54.000000
54.000000
54.000000
55.000000
57.000000
55.000000
54.000000
54.000000
54.000000
55.000000
54.000000
54.000000
55.000000
57.000000
55.000000
54.000000
55.000000
55.000000
54.000000
58.000000
55.000000
54.000000
58.000000
1125.000000
54.000000
55.000000
54.000000
54.000000
2050.000000
54.000000
54.000000
54.000000
54.000000
55.000000
54.000000
54.000000
55.000000
54.000000
54.000000
55.000000
55.000000
55.000000
54.000000
54.000000
55.000000
55.000000
54.000000
55.000000
55.000000
54.000000
54.000000
54.000000
55.000000
54.000000
54.000000
54.000000
54.000000
55.000000
57.000000
54.000000
54.000000
54.000000
54.000000
54.000000
54.000000
55.000000
54.000000
56.000000
54.000000
54.000000
54.000000
57.000000
55.000000
57.000000
57.000000
54.000000
54.000000
54.000000
54.000000
54.000000
54.000000
54.000000
54.000000
54.000000
57.000000
57.000000
57.000000
55.000000
55.000000
54.000000
55.000000
55.000000
55.000000
54.000000
55.000000
54.000000
54.000000
54.000000
54.000000
58.000000
55.000000
57.000000
54.000000
55.000000
54.000000
54.000000
54.000000
54.000000
54.000000
57.000000
54.000000
55.000000
54.000000
55.000000
55.000000
54.000000
54.000000
54.000000
54.000000
58.000000
54.000000
2366.000000
55.000000
55.000000
54.000000
54.000000
54.000000
54.000000
57.000000
55.000000
55.000000
54.000000
55.000000
54.000000
54.000000
54.000000
57.000000
54.000000
55.000000
54.000000
54.000000
54.000000
54.000000
54.000000
57.000000
20017.000000
54.000000
54.000000
54.000000
54.000000
54.000000
55.000000
55.000000
54.000000
14196.000000
54.000000
55.000000
54.000000
55.000000
54.000000
54.000000
54.000000
54.000000
54.000000
54.000000
54.000000
54.000000
55.000000
54.000000
54.000000
54.000000
54.000000
54.000000
54.000000
54.000000
55.000000
54.000000
55.000000
54.000000
54.000000
54.000000
54.000000
55.000000
10544.000000
54.000000
54.000000
54.000000
54.000000
54.000000
54.000000
54.000000
54.000000
55.000000
54.000000
55.000000
55.000000
54.000000
54.000000
54.000000
54.000000
20014.000000
54.000000
54.000000
55.000000
54.000000
54.000000
54.000000
54.000000
54.000000
54.000000
54.000000
57.000000
123.000000
54.000000
55.000000
57.000000
54.000000
54.000000
55.000000
54.000000
54.000000
55.000000
54.000000
54.000000
2050.000000
54.000000
55.000000
54.000000
54.000000
58.000000
55.000000
54.000000
55.000000
54.000000
54.000000
55.000000
54.000000
57.000000
57.000000
54.000000
58.000000
54.000000
54.000000
54.000000
54.000000
54.000000
55.000000
54.000000
58.000000
55.000000
54.000000
54.000000
54.000000
54.000000
57.000000
55.000000
54.000000
55.000000
57.000000
54.000000
55.000000
54.000000
2359.000000
54.000000
54.000000
54.000000
54.000000
54.000000
54.000000
54.000000
54.000000
54.000000
54.000000
55.000000
54.000000
54.000000
54.000000
54.000000
54.000000
54.000000
57.000000
55.000000
54.000000
54.000000
54.000000
54.000000
57.000000
54.000000
55.000000
54.000000
54.000000
55.000000
54.000000
20023.000000
54.000000
54.000000
55.000000
54.000000
55.000000
54.000000
54.000000
54.000000
54.000000
55.000000
55.000000
55.000000
54.000000
1513.000000
54.000000
54.000000
54.000000
55.000000
54.000000
54.000000
54.000000
54.000000
11847.000000
55.000000
54.000000
54.000000
55.000000
54.000000
54.000000
54.000000
54.000000
54.000000
57.000000
55.000000
54.000000
55.000000
10615.000000
55.000000
54.000000
54.000000
54.000000
54.000000
58.000000
54.000000
54.000000
54.000000
54.000000
54.000000
1734.000000
54.000000
54.000000
58.000000
54.000000
54.000000
55.000000
54.000000
54.000000
54.000000
55.000000
1061.000000
54.000000
54.000000
57.000000
54.000000
58.000000
54.000000
54.000000
55.000000
54.000000
54.000000
54.000000
54.000000
57.000000
1903.000000
54.000000
54.000000
54.000000
54.000000
54.000000
54.000000
191999.000000
54.000000
54.000000
58.000000
55.000000
54.000000
55.000000
57.000000
54.000000
54.000000
54.000000
55.000000
54.000000
55.000000
54.000000
54.000000
57.000000
55.000000
20021.000000
54.000000
54.000000
54.000000
55.000000
54.000000
58.000000
54.000000
54.000000
54.000000
55.000000
55.000000
55.000000
54.000000
54.000000
54.000000
55.000000
58.000000
54.000000
54.000000
57.000000
2553.000000
54.000000
55.000000
55.000000
55.000000
55.000000
55.000000
54.000000
55.000000
54.000000
54.000000
55.000000
54.000000
54.000000
54.000000
54.000000
57.000000
54.000000
54.000000
54.000000
54.000000
57.000000
54.000000
54.000000
55.000000
55.000000
54.000000
54.000000
54.000000
55.000000
54.000000
54.000000
54.000000
55.000000
54.000000
54.000000
54.000000
54.000000
55.000000
54.000000
54.000000
54.000000
54.000000
55.000000
54.000000
54.000000
54.000000
54.000000
58.000000
54.000000
54.000000
54.000000
57.000000
58.000000
58.000000
57.000000
54.000000
54.000000
57.000000
54.000000
54.000000
55.000000
57.000000
58.000000
54.000000
54.000000
54.000000
54.000000
54.000000
55.000000
55.000000
54.000000
54.000000
54.000000
55.000000
55.000000
57.000000
54.000000
55.000000
887.000000
609.000000
55.000000
54.000000
54.000000
54.000000
54.000000
54.000000
794.000000
54.000000
57.000000
54.000000
1926.000000
54.000000
55.000000
54.000000
57.000000
54.000000
1959.000000
58.000000
54.000000
54.000000
54.000000
54.000000
54.000000
54.000000
54.000000
54.000000
55.000000
54.000000
55.000000
54.000000
2049.000000
54.000000
55.000000
105.000000
115.000000
55.000000
54.000000
54.000000
663.000000
238.000000
54.000000
106.000000
54.000000
690.000000
54.000000
25047.000000
55.000000
54.000000
55.000000
54.000000
54.000000
54.000000
117.000000
54.000000
54.000000
54.000000
55.000000
54.000000
74.000000
54.000000
54.000000
54.000000
3359.000000
54.000000
54.000000
54.000000
188505.000000
55.000000
46355.000000
26507.000000
55.000000
55.000000
58.000000
54.000000
57.000000
54.000000
54.000000
54.000000
20724.000000
54.000000
1533.000000
55.000000
54.000000
55.000000
55.000000
54.000000
54.000000
57.000000
54.000000
54.000000
55.000000
55.000000
54.000000
57.000000
54.000000
54.000000
55.000000
54.000000
830.000000
55.000000
58.000000
837.000000
54.000000
54.000000
54.000000
941.000000
54.000000
54.000000
55.000000
54.000000
55.000000
54.000000
55.000000
55.000000
54.000000
54.000000
54.000000
55.000000
54.000000
54.000000
54.000000
54.000000
54.000000
54.000000
54.000000
54.000000
54.000000
55.000000
62.000000
54.000000
55.000000
54.000000
54.000000
54.000000
54.000000
54.000000
54.000000
54.000000
54.000000
55.000000
112.000000
54.000000
55.000000
121.000000
120.000000
119.000000
117.000000
57.000000
55.000000
55.000000
55.000000
54.000000
54.000000
54.000000
55.000000
54.000000
54.000000
3502.000000
54.000000
136.000000
58.000000
57.000000
55.000000
54.000000
55.000000
54.000000
54.000000
55.000000
150.000000
54.000000
54.000000
54.000000
54.000000
72.000000
54.000000
883.000000
55.000000
710.000000
57.000000
57.000000
54.000000
172.000000
54.000000
867.000000
54.000000
54.000000
54.000000
55.000000
55.000000
43026.000000
58.000000
54.000000
54.000000
179.000000
205.000000
54.000000
54.000000
322.000000
54.000000
55.000000
54.000000
54.000000
55.000000
67826.000000
105.000000
248.000000
54.000000
54.000000
20135.000000
258.000000
54.000000
54.000000
62.000000
54.000000
38313.000000
329.000000
55.000000
54.000000
22307.000000
55.000000
54.000000
55.000000
54.000000
3354.000000
116.000000
1434.000000
54.000000
54.000000
55.000000
54.000000
54.000000
54.000000
269.000000
54.000000
57.000000
54.000000
54.000000
1157.000000
54.000000
264.000000
54.000000
54.000000
54.000000
54.000000
55.000000
54.000000
58.000000
54.000000
54.000000
55.000000
54.000000
1254.000000
1269.000000
99540.000000
189.000000
54.000000
55.000000
55.000000
54.000000
54.000000
54.000000
54.000000
54.000000
111.000000
55.000000
55.000000
54.000000
55.000000
55.000000
54.000000
55.000000
212805.000000
106.000000
54.000000
55.000000
54.000000
55.000000
58.000000
57.000000
54.000000
54.000000
54.000000
57.000000
106.000000
121.000000
54.000000
54.000000
55.000000
55.000000
55.000000
55.000000
55.000000
55.000000
54.000000
55.000000
55.000000
54.000000
54.000000
55.000000
55.000000
58.000000
58.000000
54.000000
89.000000
54.000000
55.000000
55.000000
55.000000
55.000000
54.000000
55.000000
54.000000
55.000000
54.000000
171400.000000
55.000000
54.000000
54.000000
54.000000
54.000000
60.000000
236430.000000
54.000000
54.000000
55.000000
54.000000
54.000000
54.000000
54.000000
228.000000
106.000000
54.000000
54.000000
58.000000
318.000000
55.000000
106.000000
106.000000
57.000000
54.000000
58.000000
54.000000
55.000000
54.000000
54.000000
55.000000
54.000000
54.000000
55.000000
54.000000
55.000000
54.000000
57.000000
54.000000
54.000000
297.000000
55.000000
55.000000
58.000000
54.000000
55.000000
55.000000
58.000000
55.000000
947.000000
123462.000000
55.000000
55.000000
54.000000
55.000000
57.000000
54.000000
144704.000000
55.000000
55.000000
55.000000
55.000000
54.000000
54.000000
54.000000
54.000000
55.000000
241318.000000
55.000000
55.000000
55.000000
55.000000
54.000000
54.000000
55.000000
54.000000
54.000000
55.000000
54.000000
766.000000
114.000000
278.000000
69.000000
54.000000
574.000000
58.000000
169886.000000
54.000000
54.000000
188721.000000
525.000000
106.000000
57.000000
108.000000
54.000000
116.000000
55.000000
15683.000000
54.000000
54.000000
142183.000000
57.000000
58.000000
106.000000
291.000000
119336.000000
55.000000
56.000000
151575.000000
54.000000
462.000000
54.000000
121298.000000
299.000000
55.000000
54.000000
54.000000
55.000000
112.000000
112.000000
55.000000
54.000000
54.000000
54.000000
54.000000
109.000000
54.000000
54.000000
54.000000
55.000000
106.000000
55.000000
54.000000
54.000000
57.000000
54.000000
54.000000
54.000000
54.000000
54.000000
54.000000
54.000000
55.000000
55.000000
54.000000
54.000000
58.000000
54.000000
58.000000
54.000000
55.000000
57.000000
55.000000
54.000000
110.000000
142975.000000
114.000000
106.000000
55.000000
55.000000
54.000000
94337.000000
67.000000
54.000000
54.000000
55.000000
55.000000
55.000000
54.000000
58.000000
54.000000
58.000000
54.000000
54.000000
118.000000
54.000000
72166.000000
54.000000
54.000000
57.000000
109.000000
54.000000
108.000000
55.000000
54.000000
55.000000
55.000000
449.000000
58.000000
85.000000
18643.000000
54.000000
190312.000000
58.000000
106.000000
54.000000
54.000000
54.000000
112.000000
93582.000000
55.000000
54.000000
55.000000
54.000000
54.000000
54.000000
54.000000
54.000000
109.000000
54.000000
55.000000
70952.000000
54.000000
112.000000
54.000000
107.000000
54.000000
106.000000
55.000000
54.000000
54.000000
115.000000
72360.000000
54.000000
55.000000
55.000000
54.000000
55.000000
55.000000
54.000000
54.000000
55.000000
55.000000
54.000000
64.000000
54.000000
94909.000000
58.000000
58.000000
106.000000
110.000000
109.000000
426.000000
55.000000
54.000000
54.000000
54.000000
107.000000
54.000000
55.000000
55.000000
51111.000000
109.000000
115.000000
94579.000000
526.000000
54.000000
54.000000
54.000000
54.000000
55.000000
111.000000
106.000000
48931.000000
54.000000
217.000000
55.000000
109.000000
54.000000
54.000000
55.000000
54.000000
54.000000
54.000000
119.000000
47610.000000
55.000000
124.000000
111.000000
163.000000
55.000000
105.000000
463.000000
20039.000000
57.000000
54.000000
110.000000
54.000000
54.000000
55.000000
54.000000
54.000000
99940.000000
504.000000
55.000000
54.000000
54.000000
57.000000
54.000000
106.000000
54.000000
55.000000
54.000000
54.000000
46123.000000
58.000000
54.000000
54.000000
57.000000
46614.000000
54.000000
676.000000
55.000000
54.000000
57.000000
116.000000
49641.000000
54.000000
55.000000
54.000000
55.000000
445.000000
55.000000
54.000000
54.000000
57.000000
55.000000
54.000000
54.000000
121.000000
54.000000
54.000000
54.000000
54.000000
57.000000
54.000000
54.000000
54.000000
54.000000
106.000000
58.000000
54.000000
55.000000
55.000000
54.000000
54.000000
114.000000
55.000000
54.000000
55.000000
106.000000
57.000000
119223.000000
54.000000
114.000000
54.000000
54.000000
54.000000
57.000000
54.000000
54.000000
110.000000
54.000000
54.000000
54.000000
