45309
255403
386885
446520
422456
400803
414369
392668
366609
392803
364665
384655
333107
414584
396428
447529
423104
444431
426786
428043
443340
443598
414872
412282
445175
462247
398274
401579
439726
405091
414470
417540
380513
427956
422954
377134
427165
387387
429745
428490
443590
427782
433881
436630
423439
438649
423069
416571
403110
404164
408443
437502
439162
442797
435756
407691
422384
430183
421510
433458
378403
409449
403712
404211
409520
396238
439836
412951
433867
432462
372656
404623
389806
425283
412362
423931
422414
402725
408241
429797
429287
377106
