130407
176172
192726
192850
187890
187729
188321
184039
182910
188407
183896
188692
179388
189323
182061
174162
192715
185612
179813
187141
180732
177464
178820
174476
186226
182856
179228
183667
174649
178225
181245
176169
183135
185147
179197
180833
181988
184949
174456
184480
169041
179629
193292
186138
180928
184737
174656
179113
180729
179690
189986
190151
181967
179020
180008
186523
185115
173623
193249
180635
172143
181890
184478
178708
181202
176965
178068
183653
182647
174519
176206
188474
183571
182157
185885
