2737638
2737253
2730241
2735913
2758274
2768038
2770633
2764052
2765147
2768938
2765874
2765436
2763633
2764705
2767269
2766599
2769183
2765936
2769428
2767321
2766230
2766178
2767912
2763691
2769743
2768865
2769953
2765363
2772274
2769976
2770738
2759183
2766721
2765414
2763895
2765080
2771181
2765275
2771896
2764678
2768259
2771625
2767618
2769738
2769540
2770566
2767347
2770143
2765647
2769770
2768708
2766361
2773920
2773692
2769350
2764434
2767701
2771207
2768819
2772639
2766684
2765817
2769645
2771624
2765842
2769793
2770496
2764735
2770254
2766073
