1377671
1489091
1495386
1495473
1493447
1496581
1499028
1483279
1454691
1460631
1459859
1462984
1458852
1459597
1484733
1495441
1492115
1485581
1474888
1496424
1497349
1484595
1489304
1492708
1498537
1496237
1496182
1493825
1497085
1494767
1497100
1492240
1494094
1491094
1491680
1490759
1497947
1495382
1499481
1497460
1496558
1498949
1496263
1496406
1493832
1497176
1492726
1492721
1496539
1494428
1494924
1496769
1494636
1496593
1495766
1496897
1495333
1492264
1498266
1490576
1496516
1493950
1492450
1493439
1492759
1495721
1495248
1493317
1497385
1493656
