2290914
2477492
2435550
2353524
2315108
2275163
2262677
2264046
2260194
2240968
2200739
2182982
2155861
2162046
2161033
2162393
2163190
2162023
2160919
2160240
2161548
2160924
2160341
2162101
2162665
2161240
2162400
2160852
2158549
2158976
2159858
2159554
2160984
2160719
2160367
2159330
2160295
2162107
2161084
2160579
2161977
2162009
2162846
2161318
2161657
2163640
2163108
2160899
2163568
2162136
2163697
2163174
2164202
2163238
2162911
2164890
2160900
2162327
2161967
2162826
2163359
2163387
2163560
2163977
2163552
2165043
2164892
2165545
2163468
2162895
2166135
2165952
2166478
2165258
2165514
2167054
2164275
2165490
2166117
2164205
2166421
2167000
2168304
2165612
