765376
770545
770353
773475
774102
771364
768473
768510
771358
767573
769705
768879
769547
769696
766980
758486
762773
763474
767573
769166
770779
763111
752083
737604
757221
771874
766789
768032
770786
772340
752162
753631
764092
771583
770592
768912
770681
772434
766867
773841
770205
775512
771954
771214
773229
773720
775073
773168
772418
777367
771051
774127
775986
775714
773013
773749
776404
774626
777529
774671
776860
774578
774360
777732
776405
779076
775851
777027
776726
774473
777815
776033
778377
