1522180
1516998
1501939
1498110
1496480
1496980
1493419
1495428
1496308
1498288
1493001
1492604
1494278
1490051
1494099
1495068
1491928
1491743
1494943
1492382
1483731
1489928
1468912
1457705
1460251
1486682
1492065
1495140
1493676
1492056
1492080
1494683
1490960
1487169
1489898
1494562
1494935
1487912
1491973
1493088
1490521
1494380
1488305
1490727
1494518
1492415
1493935
1493362
1491692
1495844
1491757
1494389
1491696
1492338
1491278
1489979
1494618
1492180
1493122
1489915
1491609
1492989
1488981
1492105
1491200
1493814
1490986
1491807
1496168
1490886
1494692
1490393
