2008399
2508772
2755731
2803450
2793386
2795047
2798744
2791148
2794003
2793620
2780250
2787262
2791894
2785897
2785538
2789853
2783057
2787154
2774417
2783046
2792791
2778753
2786774
2795437
2792281
2789023
2795763
2790972
2787692
2786351
2776417
2783772
2777340
2779115
2787526
2791854
2787581
2783894
2779513
2788035
2795759
2796244
2781202
2791979
2796459
2768955
2792223
2792990
2786083
2798774
2792954
2788756
2787137
2789829
2785608
2785637
2787782
2779741
2781046
2791784
2776564
2779197
2796475
2784065
2794269
2792302
