9813
13553
12250
141815
334044
352996
398295
413803
432799
450274
446621
423891
439342
437774
460972
440811
458088
453682
456851
456828
448129
445241
466032
449843
452213
483350
466577
451797
451039
450216
449389
459200
448438
439952
448859
452595
447215
447711
456584
441019
437749
453211
442866
457130
446772
449789
443381
438024
466623
433525
450624
444365
455536
443609
461779
445013
447916
449600
450475
448704
446568
453653
447705
446399
444327
446234
448957
449504
449898
444701
449451
455472
461855
441960
446612
448198
457104
448717
440392
443645
445821
450325
449629
440391
463236
447557
454483
442140
455618
