1361024
1383983
1375884
1374253
1404693
1440649
1446763
1442984
1435364
1435811
1435487
1437942
1432305
1430801
1429838
1431163
1427966
1426545
1423612
1424270
1425944
1423998
1419100
1420950
1420505
1416604
1418346
1417394
1420678
1419253
1414324
1420244
1421300
1414118
1421005
1417413
1419276
1423531
1420746
1420516
1415599
1416045
1421630
1416334
1417429
1414555
1413380
1418577
1407520
1410501
1411954
1413929
1409935
1412983
1415886
1411938
1414398
1412786
1412645
1418193
1413808
1419605
1412908
1415633
1418562
1415697
1423232
1417059
