2242235
2461119
2341709
2304316
2272463
2258034
2258576
2257729
2257302
2257281
2251828
2253354
2248587
2247903
2247308
2246461
2245146
2244376
2245931
2244893
2242351
2242871
2243381
2240716
2244055
2241797
2239180
2241396
2238387
2238662
2240846
2238477
2240207
2238246
2238559
2238128
2240769
2239055
2239973
2241014
2238838
2240335
2238749
2239614
2241391
2238605
2239303
2239062
2238652
2238050
2236857
2240951
2237978
2240466
2239409
2237904
2239304
2238957
2236720
2237811
2235984
2235748
2235944
2238140
2235890
2237636
2237088
