865.000000
653.000000
274.000000
327.000000
654.000000
555.000000
599.000000
442.000000
447.000000
385.000000
434.000000
441.000000
499.000000
490.000000
490.000000
487.000000
544.000000
24565.000000
560.000000
551.000000
540.000000
497.000000
547.000000
493.000000
559.000000
545.000000
486.000000
542.000000
757.000000
665.000000
661.000000
491.000000
433.000000
436.000000
600.000000
699.000000
434.000000
599.000000
434.000000
437.000000
442.000000
433.000000
547.000000
603.000000
487.000000
494.000000
487.000000
436.000000
331.000000
437.000000
608.000000
437.000000
434.000000
430.000000
443.000000
651.000000
548.000000
653.000000
596.000000
547.000000
495.000000
549.000000
545.000000
603.000000
601.000000
648.000000
549.000000
598.000000
608.000000
703.000000
603.000000
491.000000
434.000000
24703.000000
444.000000
494.000000
488.000000
28454.000000
490.000000
434.000000
603.000000
601.000000
492.000000
379.000000
433.000000
385.000000
380.000000
384.000000
549.000000
491.000000
649.000000
546.000000
595.000000
541.000000
544.000000
708.000000
703.000000
596.000000
25354.000000
545.000000
542.000000
600.000000
654.000000
719.000000
543.000000
595.000000
548.000000
600.000000
595.000000
540.000000
491.000000
329.000000
382.000000
602.000000
489.000000
491.000000
487.000000
653.000000
544.000000
490.000000
432.000000
544.000000
487.000000
488.000000
507.000000
542.000000
438.000000
434.000000
379.000000
594.000000
605.000000
599.000000
556.000000
486.000000
493.000000
487.000000
495.000000
497.000000
601.000000
702.000000
653.000000
493.000000
553.000000
494.000000
272.000000
492.000000
538.000000
493.000000
494.000000
496.000000
498.000000
495.000000
436.000000
486.000000
434.000000
380.000000
435.000000
436.000000
488.000000
491.000000
596.000000
552.000000
603.000000
544.000000
539.000000
434.000000
28654.000000
438.000000
434.000000
491.000000
386.000000
489.000000
434.000000
487.000000
442.000000
435.000000
485.000000
437.000000
441.000000
487.000000
491.000000
490.000000
547.000000
522804.000000
491.000000
648.000000
652.000000
603.000000
541.000000
482.000000
382.000000
329.000000
378.000000
482.000000
499.000000
489.000000
546.000000
767.000000
706.000000
487.000000
433.000000
647.000000
499.000000
487.000000
446.000000
439.000000
437.000000
437.000000
436.000000
485.000000
541.000000
599.000000
433.000000
437.000000
436.000000
439.000000
445.000000
437.000000
543.000000
547.000000
545.000000
548.000000
648.000000
551.000000
658.000000
763.000000
761.000000
863.000000
706.000000
550.000000
386.000000
489.000000
655.000000
605.000000
594.000000
545.000000
604.000000
490356.000000
653.000000
553.000000
712.000000
591.000000
438.000000
436.000000
430.000000
439.000000
437.000000
498.000000
443.000000
547.000000
489.000000
541.000000
487.000000
594.000000
605.000000
486.000000
491.000000
541.000000
485.000000
495.000000
443.000000
487.000000
24806.000000
659.000000
664.000000
598.000000
600.000000
492.000000
661.000000
549.000000
591.000000
556.000000
548.000000
549.000000
549.000000
649.000000
594.000000
487.000000
491.000000
440.000000
441.000000
435.000000
436.000000
490.000000
549.000000
549.000000
598.000000
594.000000
596.000000
602.000000
486.000000
491.000000
599.000000
602.000000
545.000000
542.000000
25500.000000
550.000000
432.000000
490.000000
441.000000
433.000000
433.000000
487.000000
601.000000
604.000000
437.000000
491.000000
595.000000
545.000000
657.000000
542.000000
437.000000
493.000000
651.000000
658.000000
600.000000
592.000000
542.000000
602.000000
601.000000
647.000000
609.000000
596.000000
595.000000
718.000000
596.000000
551.000000
542.000000
652.000000
662.000000
650.000000
768.000000
647.000000
594.000000
547.000000
602.000000
600.000000
601.000000
602.000000
606.000000
603.000000
437.000000
435.000000
486.000000
595.000000
660.000000
703.000000
765.000000
493.000000
433.000000
432.000000
494.000000
438.000000
543.000000
490.000000
439.000000
386.000000
381.000000
592.000000
604.000000
716.000000
718.000000
652.000000
502.000000
542.000000
487.000000
497.000000
438.000000
441.000000
330.000000
379.000000
712.000000
658.000000
706.000000
653.000000
652.000000
711.000000
544.000000
643.000000
803.000000
605.000000
491.000000
550.000000
24646.000000
441.000000
488.000000
433.000000
443.000000
493.000000
486.000000
602.000000
546.000000
540.000000
542.000000
487.000000
491.000000
596.000000
555.000000
545.000000
488.000000
493.000000
759.000000
708.000000
496.000000
438.000000
436.000000
499.000000
379.000000
708.000000
437.000000
436.000000
547.000000
544.000000
652.000000
497.000000
491.000000
487.000000
487.000000
600.000000
706.000000
541.000000
433.000000
433.000000
498.000000
442.000000
432.000000
380.000000
383.000000
596.000000
651.000000
602.000000
437.000000
489.000000
490.000000
379.000000
490.000000
598.000000
543.000000
332.000000
326.000000
376.000000
383.000000
388.000000
545.000000
543.000000
491.000000
24727.000000
595.000000
381.000000
492.000000
489.000000
433.000000
542.000000
592.000000
496.000000
494.000000
659.000000
545.000000
697.000000
434.000000
495.000000
757.000000
486.000000
499.000000
486.000000
433.000000
436.000000
326.000000
380.000000
386.000000
384.000000
278.000000
379.000000
377.000000
332.000000
491.000000
491.000000
486.000000
492.000000
650.000000
441.000000
874.000000
5524.000000
765.000000
708.000000
653.000000
708.000000
705.000000
707.000000
607.000000
651.000000
484.000000
441.000000
543.000000
552.000000
544.000000
600.000000
600.000000
599.000000
598.000000
24844.000000
600.000000
596.000000
491.000000
552.000000
487.000000
491.000000
541.000000
491.000000
485.000000
487.000000
545.000000
594.000000
599.000000
700.000000
594.000000
711.000000
543.000000
450.000000
432.000000
700.000000
655.000000
491.000000
495.000000
501.000000
549.000000
653.000000
545.000000
657.000000
594.000000
491.000000
599.000000
602.000000
542.000000
549.000000
543.000000
541.000000
595.000000
16875.000000
709.000000
864.000000
604.000000
605.000000
542.000000
599.000000
498.000000
387.000000
495.000000
540.000000
595.000000
496.000000
488.000000
386.000000
380.000000
437.000000
445.000000
382.000000
379.000000
379.000000
487.000000
434.000000
547.000000
491.000000
386.000000
704.000000
548.000000
598.000000
542.000000
488.000000
610.000000
544.000000
598.000000
650.000000
710.000000
817.000000
708.000000
596.000000
542.000000
557.000000
609.000000
553.000000
541.000000
550.000000
433.000000
487.000000
433.000000
486.000000
545.000000
489.000000
600.000000
601.000000
647.000000
599.000000
595.000000
782.000000
446.000000
543.000000
379.000000
434.000000
383.000000
330.000000
41967.000000
541.000000
544.000000
549.000000
598.000000
611.000000
490.000000
490.000000
383.000000
538.000000
707.000000
651.000000
659.000000
653.000000
700.000000
595.000000
599.000000
542.000000
555.000000
594.000000
434.000000
499.000000
486.000000
540.000000
486.000000
488.000000
438.000000
596.000000
542.000000
761.000000
764.000000
707.000000
657.000000
487.000000
437.000000
484.000000
495.000000
437.000000
616.000000
538.000000
487.000000
491.000000
444.000000
543.000000
436.000000
436.000000
483.000000
549.000000
434.000000
383.000000
380.000000
431.000000
29350.000000
541.000000
598.000000
538.000000
485.000000
488.000000
545.000000
603.000000
543.000000
432.000000
489308.000000
546.000000
547.000000
603.000000
383.000000
649.000000
651.000000
657.000000
654.000000
545.000000
558.000000
597.000000
550.000000
24727.000000
599.000000
646.000000
653.000000
653.000000
667.000000
654.000000
596.000000
28577.000000
549.000000
487.000000
488.000000
598.000000
607.000000
598.000000
767.000000
603.000000
597.000000
545.000000
549.000000
544.000000
546.000000
546.000000
544.000000
546.000000
598.000000
663.000000
767.000000
766.000000
707.000000
545.000000
544.000000
548.000000
434.000000
491.000000
704.000000
707.000000
711.000000
759.000000
545.000000
545.000000
488.000000
382.000000
494.000000
648.000000
543.000000
596.000000
21714.000000
492.000000
502.000000
387.000000
597.000000
665.000000
386.000000
376.000000
437.000000
440.000000
325.000000
384.000000
386.000000
486.000000
538.000000
507212.000000
708.000000
437.000000
384.000000
505992.000000
660.000000
598.000000
539.000000
433.000000
433.000000
271.000000
336.000000
657.000000
486.000000
552.000000
536533.000000
601.000000
598.000000
488.000000
493.000000
499.000000
547.000000
550.000000
495.000000
491.000000
545.000000
549.000000
488.000000
489.000000
546.000000
384.000000
384.000000
387.000000
598.000000
657.000000
602.000000
549.000000
436.000000
484.000000
436.000000
32638.000000
28439.000000
433.000000
490.000000
552.000000
705.000000
18303.000000
491.000000
379.000000
32672.000000
383.000000
499.000000
432.000000
387.000000
437.000000
494.000000
490.000000
491.000000
708.000000
548.000000
597.000000
557.000000
594.000000
599.000000
600.000000
438.000000
542.000000
547.000000
434.000000
380.000000
384.000000
380.000000
601.000000
598.000000
491.000000
493.000000
600.000000
546.000000
549.000000
593.000000
24753.000000
606.000000
20643.000000
559.000000
599.000000
328.000000
278.000000
326.000000
217.000000
219.000000
217.000000
597.000000
605.000000
600.000000
487.000000
440.000000
536.000000
437.000000
433.000000
541.000000
763.000000
654.000000
548.000000
542.000000
487.000000
547.000000
545.000000
599.000000
600.000000
654.000000
486.000000
547.000000
488.000000
379.000000
489.000000
488.000000
707.000000
655.000000
701.000000
487.000000
545.000000
592.000000
547.000000
662.000000
699.000000
546.000000
24744.000000
593.000000
544.000000
497.000000
599.000000
656.000000
654.000000
710.000000
717.000000
756.000000
762.000000
598.000000
658.000000
754.000000
649.000000
605.000000
437.000000
484.000000
498.000000
495.000000
598.000000
491.000000
439.000000
448.000000
755.000000
660.000000
218.000000
434.000000
271.000000
226.000000
383.000000
546.000000
594.000000
649.000000
600.000000
604.000000
20872.000000
490.000000
490.000000
546.000000
496.000000
603.000000
380.000000
546.000000
437.000000
441.000000
539.000000
599.000000
548.000000
604.000000
437.000000
432.000000
541.000000
435.000000
653.000000
659.000000
604.000000
487.000000
441.000000
492.000000
495.000000
542.000000
494.000000
492.000000
595.000000
488.000000
488.000000
545.000000
495.000000
542.000000
603.000000
605.000000
595.000000
442.000000
487.000000
491.000000
496.000000
606.000000
547.000000
597.000000
597.000000
544.000000
446.000000
442.000000
328.000000
328.000000
324.000000
437.000000
659.000000
665.000000
657.000000
657.000000
651.000000
656.000000
545.000000
439.000000
492.000000
437.000000
446.000000
494.000000
541.000000
496.000000
493.000000
549.000000
602.000000
493.000000
545.000000
28627.000000
433.000000
541.000000
602.000000
595.000000
651.000000
599.000000
705.000000
767.000000
664.000000
659.000000
653.000000
657.000000
603.000000
542.000000
542.000000
546.000000
487.000000
488.000000
489.000000
382.000000
434.000000
549.000000
552.000000
880.000000
817.000000
602.000000
600.000000
597.000000
600.000000
555.000000
491.000000
491.000000
496.000000
496.000000
488.000000
378.000000
439.000000
448.000000
547.000000
549.000000
768.000000
649.000000
605.000000
605.000000
491.000000
436.000000
325.000000
333.000000
539.000000
495.000000
541.000000
645.000000
611.000000
27711.000000
492.000000
603.000000
543.000000
542.000000
545.000000
606.000000
595.000000
594.000000
593.000000
387.000000
382.000000
490.000000
494.000000
547.000000
650.000000
654.000000
660.000000
654.000000
652.000000
649.000000
542.000000
602.000000
545.000000
487.000000
489.000000
486.000000
440.000000
433.000000
434.000000
387.000000
550.000000
491.000000
436.000000
433.000000
547.000000
544.000000
541.000000
487.000000
493.000000
499.000000
600.000000
489.000000
607.000000
598.000000
601.000000
381.000000
385.000000
656.000000
544.000000
25092.000000
542.000000
498.000000
548.000000
544.000000
379.000000
440.000000
435.000000
546.000000
594.000000
546.000000
491.000000
594.000000
496.000000
436.000000
487.000000
600.000000
438.000000
651.000000
547.000000
541.000000
545.000000
605.000000
657.000000
491.000000
437.000000
435.000000
434.000000
491.000000
486.000000
487.000000
487.000000
491.000000
551.000000
543.000000
546.000000
657.000000
662.000000
601.000000
595.000000
490.000000
496.000000
600.000000
649.000000
597.000000
600.000000
647.000000
705.000000
547.000000
496.000000
341.000000
492.000000
488.000000
542.000000
498.000000
26236.000000
435.000000
504.000000
600.000000
544.000000
545.000000
380.000000
492.000000
438.000000
550.000000
654.000000
551.000000
599.000000
661.000000
705.000000
653.000000
659.000000
656.000000
657.000000
389.000000
434.000000
385.000000
36449.000000
383.000000
604.000000
433.000000
431.000000
329.000000
275.000000
437.000000
433.000000
540.000000
601.000000
606.000000
491.000000
486.000000
441.000000
500.000000
445.000000
492.000000
490.000000
548.000000
379.000000
441.000000
433.000000
556.000000
545.000000
486.000000
549.000000
650.000000
648.000000
593.000000
649.000000
551.000000
754.000000
657.000000
655.000000
706.000000
492.000000
440.000000
548.000000
488.000000
494.000000
441.000000
441.000000
488.000000
490.000000
488.000000
495.000000
497.000000
433.000000
435.000000
432.000000
540.000000
601.000000
603.000000
544.000000
434.000000
387.000000
489.000000
484.000000
379.000000
659.000000
601.000000
546.000000
486.000000
437.000000
436.000000
487.000000
538.000000
433.000000
437.000000
647.000000
597.000000
545.000000
382.000000
541.000000
603.000000
548.000000
652.000000
601.000000
604.000000
648.000000
541.000000
488.000000
487.000000
486.000000
541.000000
610.000000
539.000000
486.000000
494.000000
437.000000
549.000000
603.000000
383.000000
434.000000
438.000000
438.000000
434.000000
545.000000
555.000000
495.000000
542.000000
764.000000
437.000000
449.000000
329.000000
489.000000
491.000000
596.000000
439.000000
434.000000
610.000000
21310.000000
602.000000
488.000000
716.000000
443.000000
544.000000
602.000000
497.000000
545.000000
487.000000
539.000000
601.000000
546.000000
540.000000
646.000000
648.000000
596.000000
664.000000
650.000000
713.000000
657.000000
646.000000
602.000000
607.000000
541.000000
544.000000
711.000000
548.000000
496.000000
652.000000
494.000000
664.000000
666.000000
719.000000
712.000000
601.000000
545.000000
546.000000
543.000000
552.000000
326.000000
385.000000
36306.000000
437.000000
434.000000
434.000000
545.000000
443.000000
433.000000
436.000000
487.000000
605.000000
488.000000
543.000000
491.000000
441.000000
490.000000
495.000000
491.000000
594.000000
603.000000
552.000000
595.000000
653.000000
707.000000
599.000000
487.000000
501.000000
444.000000
433.000000
490.000000
489.000000
488.000000
487.000000
438.000000
443.000000
435.000000
438.000000
485.000000
491.000000
545.000000
24040.000000
542.000000
755.000000
595.000000
491.000000
447.000000
600.000000
437.000000
698.000000
600.000000
447.000000
556.000000
595.000000
545.000000
598.000000
647.000000
501.000000
436.000000
325.000000
326.000000
547.000000
441.000000
438.000000
553.000000
491.000000
544.000000
551.000000
437.000000
433.000000
378.000000
759.000000
599.000000
599.000000
651.000000
23466.000000
22106.000000
487.000000
435.000000
443.000000
433.000000
380.000000
325.000000
439.000000
433.000000
656.000000
809.000000
657.000000
548.000000
18163.000000
597.000000
608.000000
600.000000
380.000000
274.000000
275.000000
383.000000
603.000000
486.000000
606.000000
599.000000
608.000000
502.000000
594.000000
228.000000
330.000000
329.000000
326.000000
545.000000
546.000000
433.000000
435.000000
487.000000
549.000000
442.000000
441.000000
607.000000
599.000000
612.000000
653.000000
653.000000
598.000000
492.000000
382.000000
387.000000
383.000000
380.000000
386.000000
325.000000
490.000000
387.000000
441.000000
379.000000
387.000000
436.000000
500.000000
494.000000
706.000000
647.000000
652.000000
651.000000
593.000000
544.000000
605.000000
648.000000
548.000000
543.000000
545.000000
605.000000
488.000000
597.000000
487.000000
552.000000
541.000000
609.000000
610.000000
596.000000
659.000000
379.000000
539.000000
654.000000
654.000000
488.000000
496.000000
543.000000
548.000000
436.000000
487.000000
655.000000
652.000000
593.000000
602.000000
599.000000
545.000000
543.000000
494.000000
492.000000
543.000000
645.000000
602.000000
545.000000
438.000000
441.000000
434.000000
546.000000
487.000000
596.000000
543.000000
491.000000
499.000000
492.000000
487.000000
540.000000
597.000000
550.000000
595.000000
600.000000
549.000000
548.000000
542.000000
597.000000
433.000000
487.000000
488.000000
439.000000
433.000000
597.000000
18904.000000
552.000000
551.000000
540.000000
537.000000
489.000000
545.000000
549.000000
546.000000
600.000000
661.000000
547.000000
544.000000
546.000000
552.000000
545.000000
549.000000
592.000000
444.000000
555.000000
435.000000
433.000000
390.000000
442.000000
28598.000000
499.000000
552.000000
544.000000
546.000000
606.000000
651.000000
492.000000
600.000000
491.000000
166.000000
163.000000
167.000000
163.000000
217.000000
221.000000
217.000000
325.000000
383.000000
388.000000
389.000000
545.000000
270.000000
270.000000
271.000000
493.000000
541.000000
438.000000
389.000000
500.000000
600.000000
654.000000
493.000000
715.000000
540.000000
545.000000
541.000000
548.000000
487.000000
493.000000
442.000000
379.000000
492.000000
543.000000
546.000000
605.000000
596.000000
497.000000
432.000000
441.000000
438.000000
433.000000
441.000000
442.000000
439.000000
708.000000
549.000000
653.000000
649.000000
597.000000
595.000000
544.000000
542.000000
24802.000000
708.000000
704.000000
710.000000
546.000000
434.000000
494.000000
382.000000
328.000000
543.000000
486.000000
494.000000
491.000000
595.000000
436.000000
491.000000
550.000000
546.000000
598.000000
435.000000
490.000000
385.000000
383.000000
553.000000
661.000000
654.000000
543.000000
547.000000
544.000000
541.000000
614.000000
610.000000
604.000000
545.000000
436.000000
538.000000
378.000000
379.000000
378.000000
378.000000
435.000000
443.000000
487.000000
490.000000
434.000000
327.000000
548.000000
491.000000
541.000000
551.000000
595.000000
543.000000
707.000000
433.000000
326.000000
326.000000
381.000000
329.000000
445.000000
613.000000
665.000000
655.000000
706.000000
600.000000
539.000000
441.000000
444.000000
548.000000
603.000000
543.000000
546.000000
607.000000
545.000000
490.000000
600.000000
489.000000
544.000000
24745.000000
492.000000
601.000000
608.000000
542.000000
492.000000
488.000000
494.000000
489.000000
650.000000
600.000000
716.000000
709.000000
653.000000
593.000000
492.000000
441.000000
378.000000
496.000000
538.000000
498.000000
436.000000
489.000000
544.000000
539.000000
601.000000
646.000000
436.000000
486.000000
494.000000
497.000000
439.000000
491.000000
543.000000
541.000000
594.000000
649.000000
387.000000
437.000000
379.000000
382.000000
379.000000
441.000000
491.000000
492.000000
662.000000
599.000000
607.000000
598.000000
498.000000
543.000000
488.000000
441.000000
485.000000
438.000000
603.000000
652.000000
600.000000
552.000000
653.000000
595.000000
545.000000
441.000000
448.000000
109.000000
110.000000
109.000000
384.000000
330.000000
326.000000
707.000000
650.000000
380.000000
443.000000
280.000000
491.000000
443.000000
550.000000
494.000000
599.000000
603.000000
488.000000
441.000000
30112.000000
493.000000
488.000000
492.000000
541.000000
544.000000
434.000000
387.000000
444.000000
433.000000
332.000000
541.000000
15877.000000
706.000000
599.000000
652.000000
600.000000
548.000000
493.000000
541.000000
491.000000
547.000000
379.000000
437.000000
493.000000
437.000000
487.000000
492.000000
490.000000
441.000000
484.000000
542.000000
650.000000
492.000000
541.000000
452.000000
543.000000
387.000000
384.000000
382.000000
438.000000
438.000000
543.000000
597.000000
595.000000
596.000000
543.000000
380.000000
551.000000
594.000000
488.000000
485.000000
432.000000
437.000000
541.000000
492.000000
491.000000
544.000000
495.000000
598.000000
487.000000
495.000000
487.000000
548.000000
547.000000
544.000000
382.000000
548.000000
483.000000
548.000000
333.000000
379.000000
386.000000
596.000000
496.000000
485.000000
435.000000
657.000000
437.000000
486.000000
437.000000
440.000000
488.000000
487.000000
602.000000
602.000000
602.000000
661.000000
594.000000
545.000000
540.000000
438.000000
545.000000
542.000000
438.000000
540.000000
538.000000
494.000000
540.000000
544.000000
545.000000
549.000000
382.000000
603.000000
607.000000
604.000000
704.000000
597.000000
389.000000
433.000000
383.000000
387.000000
379.000000
387.000000
379.000000
379.000000
430.000000
379.000000
434.000000
390.000000
379.000000
37958.000000
381.000000
432.000000
439.000000
439.000000
439.000000
439.000000
542.000000
763.000000
545.000000
545.000000
438.000000
438.000000
433.000000
602.000000
595.000000
601.000000
597.000000
602.000000
433.000000
490.000000
436.000000
383.000000
542.000000
545.000000
544.000000
539.000000
442.000000
485.000000
438.000000
599.000000
33747.000000
327.000000
541.000000
546.000000
445.000000
379.000000
379.000000
546.000000
597.000000
600.000000
600.000000
599.000000
602.000000
490.000000
487.000000
651.000000
549.000000
599.000000
708.000000
540.000000
600.000000
544.000000
607.000000
546.000000
488.000000
492.000000
596.000000
497.000000
544.000000
487.000000
603.000000
548.000000
4631.000000
546.000000
553.000000
545.000000
497.000000
541.000000
546.000000
495.000000
541.000000
26116.000000
433.000000
443.000000
433.000000
491.000000
437.000000
498.000000
434.000000
541.000000
436.000000
441.000000
432.000000
546.000000
498.000000
489.000000
495.000000
543.000000
660.000000
603.000000
595.000000
433.000000
433.000000
491.000000
28667.000000
487.000000
550.000000
549.000000
390.000000
380.000000
383.000000
492.000000
435.000000
437.000000
434.000000
554.000000
487.000000
599.000000
598.000000
542.000000
598.000000
387.000000
707.000000
702.000000
709.000000
556.000000
545.000000
541.000000
600.000000
432.000000
485.000000
656.000000
662.000000
716.000000
545.000000
443.000000
445.000000
542.000000
604.000000
657.000000
545.000000
486.000000
486.000000
545.000000
433.000000
489.000000
494.000000
660.000000
651.000000
701.000000
487.000000
488.000000
495.000000
442.000000
492.000000
599.000000
608.000000
494.000000
440.000000
656.000000
705.000000
550.000000
549.000000
549.000000
540.000000
437.000000
379.000000
434.000000
660.000000
657.000000
593.000000
434.000000
548.000000
554.000000
603.000000
489.000000
488.000000
492.000000
28599.000000
436.000000
445.000000
381.000000
490.000000
487.000000
596.000000
433.000000
489.000000
491.000000
596.000000
595.000000
652.000000
594.000000
596.000000
650.000000
750.000000
654.000000
493.000000
487.000000
596.000000
494.000000
597.000000
599.000000
596.000000
544.000000
540.000000
493.000000
492.000000
646.000000
544.000000
599.000000
598.000000
433.000000
487.000000
486.000000
494.000000
384.000000
553.000000
550.000000
441.000000
662.000000
701.000000
541.000000
550.000000
324.000000
386.000000
384.000000
436.000000
431.000000
493.000000
554.000000
717.000000
712.000000
646.000000
496.000000
486.000000
28697.000000
29293.000000
495.000000
708.000000
715.000000
704.000000
655.000000
668.000000
488.000000
435.000000
437.000000
558.000000
545.000000
601.000000
594.000000
650.000000
650.000000
648.000000
655.000000
652.000000
760.000000
546.000000
545.000000
499.000000
494.000000
436.000000
440.000000
434.000000
599.000000
599.000000
542.000000
431.000000
434.000000
541.000000
544.000000
597.000000
432.000000
440.000000
542.000000
598.000000
433.000000
437.000000
487.000000
488.000000
493.000000
544.000000
542.000000
22924.000000
430.000000
382.000000
437.000000
380.000000
489.000000
543.000000
650.000000
595.000000
597.000000
542.000000
554.000000
436.000000
383.000000
496.000000
487.000000
381.000000
328.000000
330.000000
328.000000
334.000000
325.000000
326.000000
599.000000
597.000000
543.000000
544.000000
437.000000
545.000000
602.000000
649.000000
601.000000
543.000000
492.000000
499.000000
545.000000
601.000000
596.000000
544.000000
548.000000
544.000000
542.000000
487.000000
593.000000
649.000000
543.000000
498.000000
492.000000
538.000000
663.000000
607.000000
599.000000
595.000000
490.000000
485.000000
488.000000
503.000000
487.000000
436.000000
437.000000
381.000000
378.000000
379.000000
379.000000
379.000000
386.000000
439.000000
541.000000
545.000000
433.000000
485.000000
489.000000
493.000000
384.000000
335.000000
491.000000
488.000000
548.000000
599.000000
499.000000
434.000000
437.000000
494.000000
549.000000
760.000000
596.000000
649.000000
24697.000000
544.000000
544.000000
488.000000
657.000000
595.000000
487.000000
549.000000
547.000000
551.000000
659.000000
545.000000
549.000000
545.000000
489.000000
490.000000
484.000000
546.000000
549.000000
556.000000
435.000000
596.000000
605.000000
492.000000
492.000000
547.000000
538.000000
437.000000
436.000000
491.000000
484.000000
551.000000
596.000000
707.000000
607.000000
440.000000
491.000000
433.000000
435.000000
433.000000
438.000000
390.000000
654.000000
659.000000
553.000000
541.000000
595.000000
595.000000
703.000000
655.000000
650.000000
656.000000
662.000000
600.000000
325.000000
325.000000
328.000000
384.000000
330.000000
388.000000
432.000000
439.000000
652.000000
600.000000
545.000000
546.000000
499.000000
496.000000
492.000000
486.000000
494.000000
549.000000
545.000000
490.000000
709.000000
707.000000
658.000000
604.000000
439.000000
390.000000
487.000000
491.000000
603.000000
327.000000
490.000000
326.000000
487.000000
549.000000
544.000000
545.000000
494.000000
444.000000
384.000000
491.000000
549.000000
547.000000
550.000000
654.000000
546.000000
441.000000
392.000000
380.000000
380.000000
383.000000
492.000000
494.000000
493.000000
437.000000
445.000000
762.000000
815.000000
865.000000
813.000000
769.000000
762.000000
761.000000
707.000000
648.000000
545.000000
542.000000
542.000000
494.000000
599.000000
498.000000
381.000000
384.000000
385.000000
442.000000
438.000000
380.000000
433.000000
382.000000
436.000000
433.000000
433.000000
483.000000
383.000000
556.000000
546.000000
549.000000
544.000000
540.000000
605.000000
654.000000
651.000000
488.000000
492.000000
494.000000
488.000000
653.000000
24227.000000
647.000000
654.000000
433.000000
386.000000
379.000000
382.000000
658.000000
542.000000
488.000000
598.000000
433.000000
544.000000
27909.000000
547.000000
546.000000
544.000000
600.000000
703.000000
599.000000
705.000000
548.000000
607.000000
489.000000
441.000000
485.000000
391.000000
435.000000
496.000000
384.000000
20624.000000
488.000000
490.000000
543.000000
546.000000
438.000000
438.000000
437.000000
437.000000
545.000000
597.000000
545.000000
544.000000
552.000000
657.000000
655.000000
704.000000
712.000000
492.000000
440.000000
487.000000
490.000000
545.000000
540.000000
601.000000
24925.000000
600.000000
605.000000
650.000000
709.000000
545.000000
544.000000
434.000000
486.000000
437.000000
545.000000
542.000000
553.000000
600.000000
23543.000000
491.000000
497.000000
596.000000
547.000000
548.000000
433.000000
430.000000
324.000000
498.000000
493.000000
491.000000
546.000000
491.000000
542.000000
542.000000
325.000000
391.000000
380.000000
442.000000
486.000000
441.000000
436.000000
488.000000
652.000000
548.000000
714.000000
492.000000
495.000000
491.000000
548.000000
490.000000
445.000000
488.000000
435.000000
594.000000
600.000000
655.000000
709.000000
658.000000
600.000000
654.000000
653.000000
604.000000
540.000000
545.000000
492.000000
384.000000
433.000000
492.000000
436.000000
440.000000
488.000000
491.000000
493.000000
650.000000
815.000000
598.000000
433.000000
382.000000
380.000000
657.000000
708.000000
601.000000
595.000000
603.000000
594.000000
612.000000
602.000000
750.000000
494.000000
594.000000
490.000000
549.000000
539.000000
547.000000
543.000000
550.000000
598.000000
601.000000
665.000000
649.000000
705.000000
546.000000
486.000000
544.000000
493.000000
601.000000
490.000000
492.000000
441.000000
432.000000
379.000000
444.000000
491.000000
490.000000
600.000000
601.000000
541.000000
596.000000
648.000000
768.000000
543.000000
547.000000
435.000000
602.000000
593.000000
707.000000
655.000000
486.000000
539.000000
495.000000
545.000000
552.000000
602.000000
651.000000
657.000000
542.000000
655.000000
600.000000
441.000000
440.000000
490.000000
545.000000
271.000000
275.000000
219.000000
220.000000
382.000000
326.000000
711.000000
704.000000
491.000000
494.000000
28600.000000
436.000000
608.000000
544.000000
492.000000
486.000000
652.000000
649.000000
704.000000
595.000000
595.000000
607.000000
488.000000
491.000000
491.000000
494.000000
491.000000
499.000000
548.000000
543.000000
548.000000
491.000000
487.000000
436.000000
553.000000
498.000000
597.000000
602.000000
711.000000
655.000000
648.000000
548.000000
595.000000
601.000000
436.000000
493.000000
435.000000
486.000000
542.000000
493.000000
546.000000
438.000000
544.000000
545.000000
543.000000
486.000000
557.000000
385.000000
383.000000
382.000000
383.000000
329.000000
328.000000
383.000000
594.000000
20870.000000
16609.000000
607.000000
652.000000
652.000000
654.000000
652.000000
711.000000
603.000000
494.000000
379.000000
548.000000
437.000000
440.000000
602.000000
546.000000
545.000000
655.000000
548.000000
596.000000
598.000000
596.000000
596.000000
594.000000
552.000000
487.000000
488.000000
548.000000
596.000000
611.000000
608.000000
557.000000
432.000000
433.000000
441.000000
435.000000
599.000000
544.000000
555.000000
545.000000
541.000000
654.000000
662.000000
602.000000
555.000000
493.000000
495.000000
549.000000
547.000000
541.000000
380.000000
387.000000
325.000000
325.000000
437.000000
436.000000
548.000000
701.000000
595.000000
598.000000
651.000000
603.000000
598.000000
653.000000
544.000000
548.000000
653.000000
596.000000
545.000000
537.000000
28911.000000
434.000000
491.000000
433.000000
441.000000
492.000000
600.000000
550.000000
494.000000
433.000000
439.000000
435.000000
491.000000
543.000000
542.000000
495.000000
487.000000
486.000000
487.000000
546.000000
492.000000
433.000000
383.000000
439.000000
442.000000
499.000000
549.000000
598.000000
387.000000
441.000000
553.000000
597.000000
485.000000
549.000000
594.000000
653.000000
596.000000
599.000000
599.000000
170.000000
434.000000
437.000000
600.000000
597.000000
487.000000
29961.000000
491.000000
704.000000
600.000000
546.000000
434.000000
433.000000
383.000000
593.000000
650.000000
656.000000
656.000000
603.000000
653.000000
657.000000
549.000000
545.000000
490.000000
546.000000
599.000000
602.000000
712.000000
609.000000
553.000000
596.000000
20570.000000
487.000000
595.000000
593.000000
599.000000
596.000000
541.000000
436.000000
380.000000
382.000000
501.000000
488.000000
489.000000
542.000000
543.000000
378.000000
433.000000
495.000000
604.000000
549.000000
487.000000
541.000000
541.000000
595.000000
599.000000
552.000000
540.000000
495.000000
379.000000
450.000000
441.000000
445.000000
437.000000
595.000000
595.000000
545.000000
501.000000
544.000000
438.000000
503.000000
547.000000
28345.000000
542.000000
493.000000
384.000000
381.000000
544.000000
707.000000
542.000000
383.000000
381.000000
435.000000
432.000000
328.000000
439.000000
433.000000
440.000000
543.000000
602.000000
703.000000
595.000000
549.000000
547.000000
599.000000
647.000000
542.000000
705.000000
21334.000000
495.000000
14937.000000
598.000000
493.000000
26193.000000
487.000000
491.000000
492.000000
537.000000
709.000000
652.000000
540.000000
491.000000
439.000000
436.000000
386.000000
651.000000
703.000000
771.000000
712.000000
598.000000
596.000000
596.000000
599.000000
325.000000
381.000000
489.000000
433.000000
550.000000
487.000000
487.000000
492.000000
540.000000
436.000000
488.000000
546.000000
597.000000
600.000000
437.000000
442.000000
495.000000
386.000000
383.000000
434.000000
487.000000
435.000000
548.000000
494.000000
431.000000
599.000000
548.000000
651.000000
599.000000
543.000000
554.000000
598.000000
487.000000
439.000000
493.000000
646.000000
651.000000
544.000000
437.000000
543.000000
492.000000
436.000000
436.000000
436.000000
437.000000
759.000000
487.000000
493.000000
433.000000
549.000000
385.000000
599.000000
385.000000
379.000000
546.000000
725.000000
711.000000
652.000000
649.000000
762.000000
613.000000
651.000000
658.000000
652.000000
601.000000
494783.000000
488.000000
656.000000
656.000000
469472.000000
485.000000
436.000000
383.000000
601.000000
543.000000
608.000000
488.000000
439.000000
431.000000
385.000000
330.000000
328.000000
432.000000
380.000000
434.000000
434.000000
543.000000
545.000000
541.000000
654.000000
488.000000
435.000000
547.000000
546.000000
547.000000
492.000000
447.000000
441.000000
391.000000
383.000000
437.000000
441.000000
387.000000
382.000000
382.000000
436.000000
326.000000
326.000000
602.000000
597.000000
598.000000
553.000000
485.000000
608.000000
549.000000
653.000000
648.000000
545.000000
31973.000000
437.000000
490.000000
490.000000
484.000000
434.000000
441.000000
488.000000
380.000000
539.000000
491.000000
486.000000
491.000000
378.000000
384.000000
490.000000
488.000000
545.000000
28548.000000
594.000000
541.000000
543.000000
543.000000
549.000000
607.000000
554.000000
554.000000
21735.000000
539.000000
548.000000
431.000000
442.000000
490.000000
439.000000
435.000000
31197.000000
542.000000
550.000000
492.000000
549.000000
554.000000
601.000000
487.000000
595.000000
648.000000
488.000000
490.000000
434.000000
555.000000
545.000000
552.000000
434.000000
433.000000
541.000000
492.000000
602.000000
594.000000
594.000000
659.000000
650.000000
546.000000
558.000000
599.000000
500.000000
545.000000
437.000000
378.000000
387.000000
36152.000000
380.000000
495.000000
593.000000
489.000000
496.000000
604.000000
599.000000
821.000000
657.000000
649.000000
542.000000
593.000000
545.000000
657.000000
598.000000
546.000000
546.000000
707.000000
488.000000
490.000000
434.000000
388.000000
383.000000
868.000000
491.000000
493.000000
488.000000
505.000000
486.000000
437.000000
384.000000
643.000000
652.000000
378.000000
540.000000
541.000000
490.000000
599.000000
604.000000
544.000000
650.000000
653.000000
552.000000
495.000000
488.000000
434.000000
541.000000
541.000000
594.000000
597.000000
602.000000
595.000000
436.000000
436.000000
433.000000
443.000000
543.000000
544.000000
493.000000
28627.000000
441.000000
437.000000
490.000000
496.000000
595.000000
600.000000
491.000000
487.000000
551.000000
551.000000
488.000000
492.000000
545.000000
545.000000
811.000000
708.000000
437.000000
433.000000
498.000000
487.000000
495.000000
432.000000
329.000000
436.000000
603.000000
541.000000
548.000000
545.000000
555.000000
545.000000
543.000000
491.000000
439.000000
433.000000
433.000000
490.000000
493.000000
606.000000
596.000000
488.000000
543.000000
496.000000
496.000000
491.000000
600.000000
541.000000
551.000000
494184.000000
491.000000
379.000000
387.000000
430.000000
442.000000
440.000000
382.000000
438.000000
653.000000
550.000000
655.000000
597.000000
599.000000
16865.000000
381.000000
379.000000
544.000000
546.000000
596.000000
487.000000
703.000000
600.000000
440.000000
552.000000
545.000000
600.000000
546.000000
648.000000
597.000000
652.000000
545.000000
543.000000
543.000000
604.000000
599.000000
552.000000
493.000000
433.000000
380.000000
491.000000
602.000000
648.000000
649.000000
603.000000
595.000000
548.000000
492.000000
492.000000
491.000000
490.000000
487.000000
489.000000
546.000000
598.000000
647.000000
491.000000
491.000000
542.000000
541.000000
544.000000
597.000000
550.000000
761.000000
435.000000
494.000000
486.000000
553.000000
655.000000
594.000000
646.000000
603.000000
498.000000
443.000000
385.000000
380.000000
435.000000
32521.000000
648.000000
492.000000
379.000000
324.000000
324.000000
329.000000
494.000000
600.000000
602.000000
488.000000
441.000000
485.000000
488.000000
434.000000
599.000000
498.000000
548.000000
548.000000
490.000000
544.000000
325.000000
602.000000
488.000000
491.000000
549.000000
491.000000
761.000000
653.000000
605.000000
440.000000
433.000000
507.000000
488.000000
437.000000
652.000000
596.000000
492.000000
486.000000
383.000000
379.000000
440.000000
596.000000
547.000000
431.000000
443.000000
383.000000
433.000000
443.000000
600.000000
825.000000
661.000000
655.000000
710.000000
554.000000
490.000000
497.000000
492.000000
491.000000
489.000000
652.000000
543.000000
603.000000
494.000000
538.000000
548.000000
544.000000
712.000000
546.000000
598.000000
540.000000
490.000000
378.000000
382.000000
378.000000
437.000000
379.000000
379.000000
378.000000
433.000000
491.000000
498.000000
493.000000
544.000000
759.000000
758.000000
754.000000
605.000000
599.000000
598.000000
816.000000
546.000000
647.000000
657.000000
598.000000
548.000000
488.000000
544.000000
488.000000
486.000000
500.000000
378.000000
436.000000
272.000000
325.000000
497.000000
486.000000
545.000000
538.000000
543.000000
436.000000
328.000000
329.000000
436.000000
495.000000
491.000000
490.000000
551.000000
544.000000
540.000000
490.000000
441.000000
434.000000
540.000000
603.000000
594.000000
22813.000000
600.000000
545.000000
544.000000
491.000000
434.000000
491.000000
485.000000
491.000000
488.000000
965.000000
653.000000
548.000000
488.000000
492.000000
433.000000
437.000000
442.000000
538.000000
383.000000
433.000000
491.000000
488.000000
546.000000
491.000000
545.000000
549.000000
542.000000
549.000000
553.000000
653.000000
544.000000
494.000000
443.000000
494.000000
545.000000
550.000000
544.000000
550.000000
545.000000
492.000000
496.000000
544.000000
606.000000
658.000000
487.000000
493.000000
383.000000
485.000000
396.000000
546.000000
598.000000
541.000000
487.000000
380.000000
599.000000
703.000000
657.000000
540.000000
495.000000
492.000000
492.000000
550.000000
602.000000
649.000000
549.000000
440.000000
435.000000
31801.000000
440.000000
441.000000
487.000000
383.000000
654.000000
596.000000
491.000000
443.000000
325.000000
335.000000
325.000000
327.000000
327.000000
434.000000
378.000000
331.000000
488.000000
712.000000
703.000000
654.000000
708.000000
647.000000
822.000000
761.000000
11602.000000
708.000000
652.000000
379.000000
491.000000
543.000000
380.000000
488.000000
491.000000
609.000000
544.000000
432.000000
496.000000
605.000000
540.000000
490.000000
498.000000
489.000000
494.000000
544.000000
599.000000
602.000000
654.000000
602.000000
488.000000
435.000000
328.000000
494.000000
491.000000
444.000000
540.000000
493.000000
487.000000
495.000000
700.000000
660.000000
491.000000
487.000000
548.000000
545.000000
434.000000
546.000000
437.000000
437.000000
647.000000
560.000000
541.000000
702.000000
649.000000
597.000000
552.000000
384.000000
440.000000
486.000000
434.000000
485.000000
543.000000
598.000000
601.000000
651.000000
491.000000
543.000000
492.000000
493.000000
503.000000
545.000000
541.000000
593.000000
538.000000
491.000000
442.000000
544.000000
498.000000
597.000000
656.000000
595.000000
499.000000
487.000000
495.000000
439.000000
433.000000
381.000000
543.000000
658.000000
661.000000
652.000000
551.000000
545.000000
383.000000
657.000000
647.000000
667.000000
660.000000
654.000000
16854.000000
652.000000
868.000000
653.000000
812.000000
599.000000
647.000000
492.000000
432.000000
498.000000
605.000000
544.000000
28689.000000
325.000000
325.000000
436.000000
439.000000
443.000000
541.000000
433.000000
439.000000
544.000000
546.000000
541.000000
546.000000
24998.000000
488.000000
493.000000
593.000000
24560.000000
542.000000
654.000000
436.000000
440.000000
658.000000
601.000000
596.000000
599.000000
433.000000
490.000000
600.000000
487.000000
486.000000
491.000000
551.000000
505987.000000
487.000000
489.000000
489.000000
600.000000
602.000000
497.000000
545.000000
655.000000
600.000000
545.000000
440.000000
441.000000
542.000000
13815.000000
609.000000
552.000000
546.000000
486.000000
495.000000
493.000000
543.000000
24435.000000
597.000000
595.000000
543.000000
594.000000
551.000000
541.000000
437.000000
492.000000
380.000000
496.000000
437.000000
438.000000
544.000000
546.000000
647.000000
544.000000
601.000000
594.000000
609.000000
616.000000
545.000000
703.000000
598.000000
607.000000
596.000000
594.000000
549.000000
549.000000
544.000000
602.000000
541.000000
541.000000
489.000000
494.000000
491.000000
598.000000
492.000000
540.000000
550.000000
759.000000
664.000000
652.000000
552.000000
705.000000
500.000000
380.000000
488.000000
380.000000
325.000000
596.000000
491.000000
445.000000
603.000000
541.000000
542.000000
383.000000
329.000000
498.000000
437.000000
569009.000000
545.000000
545.000000
548.000000
498.000000
545.000000
494.000000
491.000000
713.000000
598.000000
606.000000
602.000000
600.000000
598.000000
545.000000
435.000000
600.000000
545.000000
433.000000
379.000000
378.000000
380.000000
438.000000
485.000000
380.000000
383.000000
486.000000
487.000000
610.000000
652.000000
544.000000
549.000000
487.000000
553.000000
760.000000
650.000000
595.000000
594.000000
598.000000
598.000000
707.000000
598.000000
654.000000
657.000000
665.000000
23347.000000
434.000000
437.000000
434.000000
487.000000
487.000000
488.000000
500.000000
490.000000
542.000000
436.000000
437.000000
488.000000
492.000000
550.000000
599.000000
599.000000
708.000000
596.000000
597.000000
553.000000
487.000000
491.000000
606.000000
600.000000
593.000000
498.000000
28548.000000
491.000000
485.000000
556.000000
710.000000
702.000000
28456.000000
487.000000
489.000000
488.000000
539.000000
434.000000
495.000000
601.000000
602.000000
440.000000
490.000000
432.000000
436.000000
440.000000
540.000000
547.000000
658.000000
654.000000
539.000000
544.000000
434.000000
485.000000
494.000000
490.000000
489.000000
501.000000
448.000000
760.000000
601.000000
709.000000
608.000000
602.000000
595.000000
22710.000000
441.000000
600.000000
650.000000
434.000000
488.000000
434.000000
544.000000
490.000000
434.000000
486.000000
596.000000
545.000000
383.000000
491.000000
486.000000
437.000000
539.000000
594.000000
546.000000
496.000000
549.000000
552.000000
501.000000
493.000000
490.000000
497.000000
500.000000
433.000000
382.000000
431.000000
329.000000
379.000000
487.000000
383.000000
434.000000
433.000000
544.000000
548.000000
546.000000
548.000000
491.000000
441.000000
438.000000
547.000000
542.000000
654.000000
542.000000
608.000000
594.000000
649.000000
538.000000
495.000000
539.000000
504.000000
490.000000
560.000000
435.000000
445.000000
545.000000
658.000000
443.000000
487.000000
493.000000
497.000000
491.000000
604.000000
595.000000
492.000000
546.000000
436.000000
437.000000
499304.000000
389.000000
434.000000
433.000000
434.000000
387.000000
490.000000
330.000000
271.000000
438.000000
542.000000
431.000000
32611.000000
489.000000
437.000000
433.000000
383.000000
593.000000
495.000000
379.000000
437.000000
440.000000
489.000000
432.000000
433.000000
436.000000
382.000000
490.000000
813.000000
764.000000
654.000000
762.000000
541.000000
544.000000
546.000000
543.000000
544.000000
544.000000
438.000000
435.000000
491.000000
433.000000
433.000000
434.000000
605.000000
600.000000
702.000000
707.000000
15499.000000
551.000000
601.000000
599.000000
544.000000
541.000000
492.000000
437.000000
383.000000
495.000000
487.000000
544.000000
445.000000
436.000000
440.000000
429.000000
382.000000
499.000000
493.000000
543.000000
437.000000
381.000000
440.000000
492.000000
490.000000
489.000000
433.000000
496.000000
593.000000
438.000000
382.000000
433.000000
485.000000
432.000000
606.000000
650.000000
601.000000
657.000000
756.000000
649.000000
707.000000
653.000000
605.000000
540.000000
27322.000000
654.000000
762.000000
663.000000
598.000000
434.000000
590.000000
548.000000
542.000000
548.000000
490.000000
433.000000
384.000000
489.000000
433.000000
488.000000
496.000000
545.000000
598.000000
544.000000
333.000000
328.000000
388.000000
379.000000
386.000000
437.000000
654.000000
595.000000
651.000000
598.000000
487.000000
548.000000
596.000000
383.000000
441.000000
437.000000
596.000000
598.000000
491.000000
436.000000
544.000000
870.000000
766.000000
709.000000
649.000000
541.000000
544.000000
382.000000
541.000000
544.000000
542.000000
497.000000
383.000000
489.000000
542.000000
543.000000
545.000000
548.000000
596.000000
545.000000
544.000000
379.000000
488.000000
495.000000
538.000000
439.000000
492.000000
652.000000
705.000000
437.000000
437.000000
544.000000
540.000000
548.000000
25769.000000
495.000000
380.000000
31158.000000
605.000000
659.000000
658.000000
653.000000
603.000000
601.000000
601.000000
604.000000
602.000000
600.000000
599.000000
613.000000
600.000000
543.000000
603.000000
602.000000
391.000000
379.000000
325.000000
440.000000
329.000000
391.000000
379.000000
495.000000
436.000000
495.000000
760.000000
548.000000
655.000000
594.000000
439.000000
436.000000
545.000000
544.000000
325.000000
332.000000
324.000000
598.000000
545.000000
553.000000
649.000000
593.000000
494.000000
484.000000
486.000000
596.000000
20559.000000
552.000000
545.000000
541.000000
545.000000
548.000000
652.000000
542.000000
488.000000
499.000000
438.000000
491.000000
710.000000
24653.000000
491.000000
437.000000
549.000000
542.000000
433.000000
438.000000
2454.000000
498.000000
491.000000
435.000000
486.000000
495.000000
494.000000
491.000000
494.000000
494.000000
488.000000
434.000000
495.000000
547.000000
762.000000
545.000000
379.000000
382.000000
394.000000
271.000000
279.000000
271.000000
488.000000
492.000000
605.000000
495.000000
488.000000
436.000000
433.000000
489.000000
432.000000
381.000000
440.000000
492.000000
541.000000
486.000000
541.000000
488.000000
644.000000
489.000000
433.000000
488.000000
546.000000
491.000000
544.000000
488.000000
547.000000
555.000000
544.000000
444.000000
493.000000
490.000000
707.000000
716.000000
24589.000000
605.000000
552.000000
491.000000
379.000000
432.000000
658.000000
439.000000
548.000000
601.000000
544.000000
598.000000
649.000000
491.000000
490.000000
542.000000
545.000000
379.000000
493.000000
547.000000
546.000000
606.000000
440.000000
487.000000
492.000000
438.000000
542.000000
486.000000
435.000000
488.000000
494.000000
808.000000
545.000000
383.000000
544.000000
486.000000
437.000000
540.000000
329.000000
382.000000
385.000000
329.000000
379.000000
440.000000
490.000000
436.000000
436.000000
596.000000
493.000000
487.000000
538.000000
488.000000
433.000000
489.000000
382.000000
382.000000
379.000000
653.000000
657.000000
545.000000
435.000000
436.000000
437.000000
540.000000
701.000000
600.000000
710.000000
598.000000
486.000000
436.000000
599.000000
657.000000
599.000000
603.000000
595.000000
545.000000
541.000000
491.000000
488.000000
495.000000
497.000000
543.000000
539.000000
596.000000
601.000000
646.000000
647.000000
646.000000
608.000000
646.000000
600.000000
489.000000
598.000000
542.000000
541.000000
549.000000
489.000000
490.000000
435.000000
596.000000
600.000000
434.000000
434.000000
445.000000
492.000000
353.000000
382.000000
382.000000
552.000000
487.000000
487.000000
488.000000
656.000000
435.000000
595.000000
652.000000
660.000000
556.000000
594.000000
546.000000
494.000000
540.000000
542.000000
551.000000
548.000000
601.000000
603.000000
216.000000
853.000000
813.000000
548.000000
551.000000
546.000000
556.000000
594.000000
434.000000
383.000000
651.000000
603.000000
433.000000
436.000000
484.000000
547.000000
595.000000
600.000000
606.000000
495.000000
497.000000
602.000000
605.000000
546.000000
552.000000
491.000000
543.000000
660.000000
598.000000
542.000000
378.000000
385.000000
379.000000
431.000000
434.000000
717.000000
656.000000
603.000000
547.000000
27735.000000
434.000000
32624.000000
490.000000
383.000000
434.000000
601.000000
599.000000
548.000000
547.000000
486.000000
494.000000
324.000000
444.000000
433.000000
434.000000
436.000000
657.000000
546.000000
488.000000
704.000000
545.000000
598.000000
605.000000
600.000000
605.000000
594.000000
701.000000
487.000000
492.000000
324.000000
381.000000
329.000000
379.000000
380.000000
432.000000
544.000000
544.000000
596.000000
661.000000
433.000000
441.000000
491.000000
383.000000
380.000000
381.000000
435.000000
388.000000
493.000000
552.000000
492.000000
494.000000
600.000000
716.000000
712.000000
545.000000
432.000000
487.000000
499.000000
383.000000
548.000000
446.000000
494.000000
488.000000
492.000000
495.000000
502.000000
599.000000
548.000000
543.000000
545.000000
432.000000
485.000000
440.000000
434.000000
435.000000
447.000000
596.000000
16910.000000
600.000000
543.000000
439.000000
439.000000
436.000000
431.000000
487.000000
492.000000
607.000000
388.000000
445.000000
440.000000
437.000000
499.000000
32578.000000
605.000000
598.000000
657.000000
662.000000
650.000000
543.000000
706.000000
601.000000
387.000000
430.000000
378.000000
483.000000
437.000000
434.000000
438.000000
554.000000
487.000000
491.000000
275.000000
331.000000
600.000000
491.000000
495.000000
542.000000
490.000000
543.000000
490.000000
490.000000
594.000000
383.000000
390.000000
487.000000
436.000000
388.000000
435.000000
434.000000
542.000000
499.000000
487.000000
545.000000
546.000000
494.000000
544.000000
433.000000
490.000000
602.000000
654.000000
708.000000
655.000000
551.000000
542.000000
596.000000
384.000000
664.000000
654.000000
655.000000
487.000000
442.000000
550.000000
490.000000
540.000000
383.000000
492.000000
495.000000
541.000000
541.000000
543.000000
542.000000
544.000000
385.000000
555.000000
545.000000
442.000000
660.000000
599.000000
537.000000
596.000000
658.000000
494.000000
655.000000
769.000000
655.000000
539.000000
498.000000
437.000000
28517.000000
544.000000
706.000000
711.000000
704.000000
491.000000
549.000000
437.000000
489.000000
487.000000
495.000000
602.000000
709.000000
703.000000
665.000000
554.000000
606.000000
596.000000
550.000000
549.000000
548.000000
542.000000
542.000000
381.000000
540.000000
540.000000
596.000000
601.000000
600.000000
603.000000
437.000000
486.000000
435.000000
591.000000
487.000000
710.000000
708.000000
657.000000
434.000000
490.000000
325.000000
382.000000
384.000000
544.000000
599.000000
597.000000
553.000000
434.000000
438.000000
436.000000
389.000000
448.000000
539.000000
493.000000
601.000000
494.000000
494.000000
436.000000
544.000000
647.000000
708.000000
719.000000
596.000000
544.000000
489.000000
440.000000
551.000000
543.000000
542.000000
488.000000
547.000000
544.000000
594.000000
715.000000
814.000000
717.000000
706.000000
655.000000
543.000000
547.000000
487.000000
490.000000
545.000000
593.000000
554.000000
544.000000
542.000000
548.000000
542.000000
490.000000
605.000000
598.000000
603.000000
433.000000
546.000000
545.000000
546.000000
594.000000
332.000000
270.000000
270.000000
327.000000
328.000000
324.000000
487.000000
658.000000
497.000000
657.000000
654.000000
437.000000
487.000000
434.000000
445.000000
443.000000
388.000000
495.000000
499.000000
25784.000000
653.000000
706.000000
601.000000
544.000000
494.000000
490.000000
650.000000
597.000000
435.000000
438.000000
435.000000
493.000000
493.000000
502.000000
435.000000
433.000000
383.000000
322.000000
277.000000
545.000000
495.000000
433.000000
453.000000
386.000000
379.000000
546.000000
556.000000
816.000000
876.000000
869.000000
762.000000
380.000000
386.000000
379.000000
379.000000
379.000000
384.000000
495.000000
440.000000
391.000000
551.000000
545.000000
499.000000
494.000000
437.000000
600.000000
494.000000
599.000000
596.000000
489.000000
437.000000
444.000000
708.000000
657.000000
541.000000
441.000000
489.000000
603.000000
492.000000
651.000000
491.000000
495.000000
538.000000
491.000000
28508.000000
654.000000
539.000000
434.000000
433.000000
327.000000
658.000000
540.000000
597.000000
550.000000
594.000000
650.000000
16626.000000
658.000000
648.000000
711.000000
758.000000
603.000000
596.000000
544.000000
382.000000
379.000000
328.000000
326.000000
326.000000
712.000000
703.000000
552.000000
544.000000
379.000000
325.000000
383.000000
433.000000
440.000000
32600.000000
650.000000
612.000000
599.000000
546.000000
551.000000
548.000000
554.000000
490.000000
597.000000
541.000000
268.000000
653.000000
436.000000
273.000000
326.000000
446.000000
494.000000
494.000000
433.000000
438.000000
487.000000
25993.000000
487.000000
545.000000
600.000000
604.000000
598.000000
606.000000
600.000000
544.000000
435.000000
545.000000
545.000000
550.000000
545.000000
545.000000
495.000000
488.000000
492.000000
442.000000
381.000000
492.000000
543.000000
544.000000
546.000000
544.000000
545.000000
541.000000
545.000000
488.000000
487.000000
490.000000
543.000000
606.000000
542.000000
594.000000
648.000000
599.000000
712.000000
597.000000
765.000000
713.000000
702.000000
599.000000
648.000000
590.000000
495.000000
615.000000
546.000000
436.000000
601.000000
487.000000
442.000000
597.000000
493.000000
436.000000
596.000000
649.000000
490.000000
486.000000
504.000000
492.000000
386.000000
27039.000000
22389.000000
491.000000
488.000000
540.000000
449.000000
492.000000
545.000000
707.000000
546.000000
591.000000
602.000000
546.000000
493.000000
639.000000
600.000000
596.000000
596.000000
490.000000
489.000000
591.000000
435.000000
440.000000
437.000000
442.000000
547.000000
434.000000
447.000000
544.000000
490.000000
541.000000
541.000000
435.000000
758.000000
433.000000
439.000000
541.000000
703.000000
546.000000
540.000000
496.000000
487.000000
437.000000
606.000000
383.000000
378.000000
441.000000
440.000000
438.000000
443.000000
651.000000
549.000000
542.000000
657.000000
603.000000
542.000000
553.000000
549.000000
599.000000
548.000000
552.000000
486.000000
437.000000
380.000000
597.000000
641.000000
384.000000
435.000000
439.000000
439.000000
437.000000
603.000000
655.000000
441.000000
437.000000
488.000000
488.000000
438.000000
494.000000
494.000000
491.000000
548.000000
544.000000
545.000000
438.000000
487.000000
491.000000
492.000000
491.000000
544.000000
545.000000
556.000000
542.000000
544.000000
548.000000
542.000000
655.000000
650.000000
499.000000
545.000000
491.000000
756.000000
713.000000
652.000000
378.000000
438.000000
535.000000
664.000000
600.000000
487.000000
720.000000
494.000000
557.000000
541.000000
491.000000
493.000000
439.000000
497.000000
713.000000
919.000000
605.000000
594.000000
652.000000
601.000000
549.000000
603.000000
656.000000
604.000000
754.000000
549.000000
601.000000
494.000000
494.000000
436.000000
547.000000
596.000000
548.000000
487.000000
771.000000
605.000000
602.000000
645.000000
555.000000
603529.000000
659.000000
431.000000
383.000000
387.000000
434.000000
437.000000
599.000000
541.000000
551.000000
489.000000
434.000000
486.000000
443.000000
495.000000
545.000000
551.000000
332.000000
613.000000
595.000000
702.000000
441.000000
486.000000
433.000000
438.000000
541.000000
491.000000
599.000000
440.000000
546.000000
503.000000
498.000000
441.000000
487.000000
541.000000
604.000000
600.000000
604.000000
659.000000
488.000000
603.000000
545.000000
546.000000
487.000000
486.000000
554.000000
544.000000
600.000000
713.000000
652.000000
653.000000
598.000000
609.000000
325.000000
556.000000
492.000000
441.000000
35660.000000
385.000000
387.000000
328.000000
447.000000
545.000000
487.000000
436.000000
436.000000
437.000000
547.000000
486.000000
491.000000
495.000000
441.000000
442.000000
433.000000
448.000000
484.000000
496.000000
495.000000
710.000000
654.000000
706.000000
653.000000
659.000000
491.000000
488.000000
496.000000
497.000000
436.000000
543.000000
548.000000
543.000000
488.000000
491.000000
503.000000
488.000000
599.000000
487.000000
436.000000
441.000000
493.000000
712.000000
706.000000
761.000000
706.000000
707.000000
707.000000
433.000000
437.000000
437.000000
595.000000
380.000000
388.000000
384.000000
490.000000
328.000000
379.000000
433.000000
491.000000
545.000000
595.000000
494.000000
433.000000
442.000000
487.000000
546.000000
550.000000
548.000000
29137.000000
504648.000000
488.000000
433.000000
446.000000
545.000000
544.000000
593.000000
24605.000000
547.000000
551.000000
551.000000
383.000000
387.000000
545.000000
547.000000
703.000000
660.000000
439.000000
440.000000
385.000000
496.000000
544.000000
326.000000
445.000000
433.000000
433.000000
492.000000
484.000000
545.000000
541.000000
433.000000
439.000000
489.000000
596.000000
763.000000
602.000000
550.000000
543.000000
487.000000
438.000000
543.000000
433.000000
444.000000
434.000000
440.000000
440.000000
496.000000
549.000000
595.000000
650.000000
543.000000
653.000000
654.000000
651.000000
706.000000
706.000000
711.000000
713.000000
488.000000
384.000000
439.000000
489.000000
437.000000
440.000000
32341.000000
386.000000
329.000000
434.000000
434.000000
437.000000
763.000000
598.000000
657.000000
598.000000
109.000000
218.000000
218.000000
381.000000
381.000000
705.000000
648.000000
545.000000
598.000000
541.000000
600.000000
704.000000
707.000000
705.000000
712.000000
12800.000000
543.000000
542.000000
490.000000
546.000000
539.000000
551.000000
595.000000
487.000000
444.000000
438.000000
326.000000
539.000000
217.000000
271.000000
598.000000
595.000000
598.000000
546.000000
389.000000
488.000000
433.000000
385.000000
488.000000
546.000000
499.000000
657.000000
600.000000
602.000000
21489.000000
490.000000
548.000000
440.000000
434.000000
494.000000
24578.000000
763.000000
548.000000
497.000000
613.000000
443.000000
486.000000
440.000000
489.000000
539.000000
491.000000
498.000000
442.000000
549.000000
602.000000
442.000000
432.000000
379.000000
379.000000
379.000000
595.000000
594.000000
488.000000
542.000000
588.000000
497.000000
495.000000
491.000000
488.000000
494.000000
437.000000
383.000000
379.000000
385.000000
435.000000
548.000000
443.000000
545.000000
546.000000
383.000000
281.000000
386.000000
491.000000
485.000000
491.000000
435.000000
445.000000
435.000000
437.000000
381.000000
492.000000
603.000000
608.000000
606.000000
650.000000
660.000000
707.000000
650.000000
490.000000
598.000000
435.000000
439.000000
484.000000
542.000000
493.000000
545.000000
652.000000
604.000000
549.000000
488.000000
496.000000
493.000000
541.000000
548.000000
542.000000
553.000000
497.000000
492.000000
600.000000
649.000000
712.000000
653.000000
541.000000
491.000000
493.000000
438.000000
435.000000
437.000000
489.000000
546.000000
330.000000
384.000000
380.000000
549.000000
24898.000000
435.000000
442.000000
487.000000
379.000000
648.000000
824.000000
710.000000
595.000000
599.000000
489.000000
492.000000
601.000000
604.000000
488.000000
541.000000
439.000000
544.000000
540.000000
548.000000
487.000000
540.000000
606.000000
656.000000
650.000000
703.000000
546.000000
441.000000
491.000000
492.000000
437.000000
389.000000
329.000000
645.000000
489.000000
326.000000
384.000000
384.000000
444.000000
595.000000
706.000000
542.000000
437.000000
438.000000
441.000000
443.000000
448.000000
497.000000
547.000000
493.000000
491.000000
450.000000
543.000000
496.000000
493.000000
389.000000
542.000000
487.000000
542.000000
492.000000
498.000000
490.000000
550.000000
604.000000
438.000000
489.000000
553.000000
661.000000
601.000000
545.000000
542.000000
542.000000
600.000000
433.000000
547.000000
490.000000
493.000000
548.000000
548.000000
605.000000
435.000000
486.000000
601.000000
492.000000
32545.000000
543.000000
432.000000
438.000000
326.000000
437.000000
540.000000
492.000000
598.000000
492.000000
491.000000
492.000000
491.000000
494.000000
499.000000
597.000000
541.000000
436.000000
441.000000
494.000000
487.000000
545.000000
547.000000
500.000000
491.000000
492.000000
502.000000
486.000000
494.000000
491.000000
495.000000
544.000000
655.000000
491.000000
540.000000
488.000000
492.000000
489.000000
547.000000
488.000000
544.000000
544.000000
488.000000
437.000000
491.000000
490.000000
493.000000
500.000000
489.000000
595.000000
437.000000
432.000000
432.000000
436.000000
436.000000
541.000000
545.000000
435.000000
433.000000
544.000000
488.000000
487.000000
494.000000
492.000000
440.000000
542.000000
487.000000
439.000000
384.000000
382.000000
383.000000
379.000000
437.000000
444.000000
491.000000
28544.000000
271.000000
385.000000
382.000000
659.000000
713.000000
706.000000
654.000000
549.000000
548.000000
709.000000
706.000000
652.000000
486.000000
490.000000
493.000000
495.000000
492.000000
491.000000
547.000000
542.000000
552.000000
491.000000
550.000000
491.000000
433.000000
383.000000
653.000000
599.000000
436.000000
435.000000
433.000000
436.000000
378.000000
665.000000
544.000000
487.000000
271.000000
487.000000
500.000000
434.000000
487.000000
545.000000
502.000000
434.000000
440.000000
489.000000
380.000000
436.000000
382.000000
436.000000
494.000000
488.000000
498.000000
707.000000
487.000000
486.000000
442.000000
601.000000
599.000000
551.000000
495.000000
493.000000
540.000000
490.000000
604.000000
595.000000
598.000000
435.000000
490.000000
380.000000
495.000000
433.000000
542.000000
597.000000
704.000000
597.000000
542.000000
544.000000
545.000000
652.000000
653.000000
665.000000
654.000000
491.000000
487.000000
442.000000
492.000000
539.000000
538.000000
487.000000
497.000000
380.000000
431.000000
595.000000
487.000000
552.000000
548.000000
658.000000
595.000000
497.000000
552.000000
438.000000
436.000000
381.000000
433.000000
438.000000
489.000000
546.000000
488.000000
491.000000
380.000000
437.000000
381.000000
383.000000
447.000000
659.000000
602.000000
603.000000
651.000000
607.000000
653.000000
487.000000
491.000000
434.000000
488.000000
487.000000
549.000000
539.000000
499.000000
25883.000000
601.000000
652.000000
608.000000
434.000000
542.000000
437.000000
495.000000
549.000000
537.000000
592.000000
377.000000
754.000000
651.000000
541.000000
596.000000
708.000000
496.000000
486.000000
436.000000
32488.000000
433.000000
437.000000
436.000000
489.000000
436.000000
436.000000
494.000000
488.000000
545.000000
440.000000
438.000000
598.000000
604.000000
711.000000
714.000000
499.000000
490.000000
538.000000
382.000000
437.000000
540.000000
435.000000
652.000000
654.000000
599.000000
603.000000
647.000000
544.000000
23051.000000
595.000000
599.000000
601.000000
487.000000
544.000000
488.000000
491.000000
551.000000
541.000000
544.000000
552.000000
605.000000
648.000000
546.000000
542.000000
598.000000
437.000000
442.000000
547.000000
542.000000
602.000000
612.000000
599.000000
487.000000
487.000000
546.000000
487.000000
487.000000
608.000000
491.000000
436.000000
382.000000
438.000000
499.000000
495.000000
436.000000
442.000000
432.000000
495.000000
497.000000
488.000000
488.000000
440.000000
648.000000
550.000000
495.000000
494.000000
494.000000
548.000000
542.000000
494.000000
488.000000
599.000000
541.000000
557.000000
598.000000
491.000000
541.000000
606.000000
549.000000
435.000000
498.000000
36291.000000
595.000000
654.000000
600.000000
488.000000
492.000000
695.000000
543.000000
608.000000
496.000000
28332.000000
436.000000
381.000000
430.000000
545.000000
592.000000
491.000000
333.000000
435.000000
434.000000
384.000000
385.000000
599.000000
541.000000
542.000000
550.000000
432.000000
387.000000
330.000000
271.000000
19359.000000
541.000000
549.000000
487.000000
546.000000
18514.000000
384.000000
433.000000
494.000000
539.000000
491.000000
437.000000
540.000000
596.000000
602.000000
440.000000
600.000000
605.000000
595.000000
598.000000
24176.000000
542.000000
549.000000
549.000000
488.000000
549.000000
547.000000
495.000000
706.000000
710.000000
603.000000
595.000000
597.000000
711.000000
541.000000
660.000000
595.000000
600.000000
550.000000
325.000000
330.000000
543.000000
541.000000
655.000000
488.000000
542.000000
485.000000
492.000000
437.000000
486.000000
490.000000
540.000000
549.000000
599.000000
502.000000
434.000000
545.000000
435.000000
719.000000
713.000000
660.000000
544.000000
492.000000
601.000000
597.000000
601.000000
496.000000
653.000000
487289.000000
486.000000
603.000000
549.000000
600.000000
664.000000
600.000000
658.000000
492.000000
381.000000
328.000000
379.000000
382.000000
497.000000
499.000000
599.000000
546.000000
452.000000
502.000000
597.000000
803.000000
545.000000
535.000000
380.000000
332.000000
599.000000
599.000000
544.000000
550.000000
488.000000
433.000000
488.000000
494.000000
594.000000
552.000000
658.000000
595.000000
545.000000
488.000000
110.000000
109.000000
109.000000
163.000000
386.000000
382.000000
432.000000
547.000000
750.000000
648.000000
650.000000
599.000000
599.000000
489.000000
489.000000
598.000000
599.000000
599.000000
603.000000
436.000000
432.000000
434.000000
433.000000
438.000000
435.000000
441.000000
551.000000
600.000000
387.000000
28419.000000
383.000000
435.000000
435.000000
543.000000
539.000000
384.000000
486121.000000
488.000000
489.000000
378.000000
382.000000
33208.000000
596.000000
652.000000
548.000000
551.000000
543.000000
492.000000
653.000000
487.000000
550.000000
547.000000
24705.000000
547.000000
542.000000
487.000000
328.000000
434.000000
543.000000
495.000000
476554.000000
392.000000
444.000000
488.000000
448.000000
434.000000
434.000000
542.000000
598.000000
660.000000
656.000000
651.000000
705.000000
491.000000
434.000000
437.000000
651.000000
548.000000
494.000000
544.000000
543.000000
596.000000
703.000000
658.000000
648.000000
606.000000
24485.000000
545.000000
25500.000000
545.000000
549.000000
547.000000
547.000000
545.000000
545.000000
433.000000
448.000000
487.000000
544.000000
548.000000
548.000000
25482.000000
653.000000
649.000000
597.000000
657.000000
542.000000
547.000000
437.000000
494.000000
543.000000
543.000000
650.000000
652.000000
604.000000
494.000000
437.000000
383.000000
382.000000
651.000000
488.000000
436.000000
668.000000
705.000000
650.000000
653.000000
708.000000
599.000000
648.000000
702.000000
490.000000
490.000000
759.000000
540.000000
599.000000
541.000000
593.000000
545.000000
656.000000
653.000000
657.000000
502.000000
498.000000
545.000000
275.000000
437.000000
540.000000
543.000000
437.000000
379.000000
331.000000
383.000000
434.000000
494.000000
487.000000
542.000000
541.000000
547.000000
441.000000
545.000000
644.000000
542.000000
605.000000
599.000000
547.000000
701.000000
550.000000
653.000000
657.000000
542.000000
492.000000
492.000000
560.000000
494.000000
605.000000
493.000000
486.000000
503.000000
489.000000
544.000000
650.000000
550.000000
544.000000
438.000000
492.000000
543.000000
599.000000
646.000000
655.000000
698.000000
649.000000
596.000000
597.000000
871.000000
601.000000
548.000000
599.000000
488.000000
498.000000
433.000000
434.000000
433.000000
437.000000
494.000000
486.000000
544.000000
595.000000
703.000000
665.000000
653.000000
439.000000
491.000000
553.000000
379.000000
452.000000
493.000000
554.000000
21298.000000
703.000000
656.000000
762.000000
719.000000
615.000000
606.000000
547.000000
543.000000
551.000000
24838.000000
605.000000
648.000000
487.000000
492.000000
543.000000
491.000000
492.000000
32202.000000
544.000000
26128.000000
550.000000
596.000000
542.000000
435.000000
492.000000
379.000000
386.000000
544.000000
544.000000
541.000000
491.000000
541.000000
383.000000
380.000000
434.000000
388.000000
336.000000
379.000000
326.000000
384.000000
541.000000
491.000000
490.000000
28107.000000
503.000000
283.000000
499.000000
544.000000
545.000000
386.000000
491.000000
433.000000
489.000000
438.000000
552.000000
649.000000
705.000000
650.000000
661.000000
609.000000
551.000000
604.000000
653.000000
541.000000
390.000000
595.000000
544.000000
436.000000
600.000000
496.000000
540.000000
490.000000
440.000000
492.000000
493.000000
491.000000
491.000000
707.000000
657.000000
706.000000
550.000000
326.000000
382.000000
431.000000
383.000000
436.000000
386.000000
380.000000
382.000000
389.000000
383.000000
761.000000
761.000000
653.000000
26731.000000
544.000000
553.000000
541.000000
549.000000
655.000000
511510.000000
435.000000
440.000000
602.000000
542.000000
541.000000
650.000000
546.000000
493.000000
546.000000
551.000000
604.000000
598.000000
656.000000
441.000000
499.000000
28499.000000
28730.000000
655.000000
656.000000
714.000000
328.000000
325.000000
325.000000
328.000000
333.000000
435.000000
437.000000
385.000000
488.000000
548.000000
714.000000
600.000000
541.000000
444.000000
333.000000
435.000000
438.000000
608.000000
437.000000
433.000000
430.000000
548.000000
487.000000
596.000000
495.000000
487.000000
493.000000
549.000000
542.000000
759.000000
654.000000
708.000000
657.000000
553.000000
541.000000
495.000000
496.000000
600.000000
544.000000
540.000000
548.000000
545.000000
653.000000
557.000000
335.000000
381.000000
446.000000
433.000000
603.000000
595.000000
657.000000
494.000000
764.000000
544.000000
546.000000
598.000000
594.000000
648.000000
549.000000
554.000000
657.000000
545.000000
600.000000
491.000000
491.000000
549.000000
712.000000
708.000000
498.000000
491.000000
492.000000
393.000000
540.000000
383.000000
491.000000
651.000000
658.000000
714.000000
756.000000
657.000000
656.000000
708.000000
541.000000
491.000000
556.000000
502748.000000
657.000000
648.000000
596.000000
595.000000
546.000000
438.000000
434.000000
441.000000
602.000000
606.000000
699.000000
432.000000
272.000000
275.000000
383.000000
385.000000
498.000000
433.000000
438.000000
440.000000
493.000000
437.000000
603.000000
654.000000
661.000000
597.000000
606.000000
486.000000
602.000000
489.000000
491.000000
505.000000
486.000000
434.000000
386.000000
380.000000
544.000000
495.000000
542.000000
542.000000
602.000000
548.000000
490.000000
501.000000
544.000000
605.000000
595.000000
599.000000
499.000000
716.000000
495.000000
434.000000
443.000000
545.000000
599.000000
547.000000
490.000000
440.000000
441.000000
663.000000
653.000000
760.000000
553.000000
595.000000
611.000000
540.000000
491.000000
487.000000
541.000000
490.000000
490.000000
490.000000
595.000000
598.000000
606.000000
487.000000
540.000000
441.000000
542.000000
541.000000
599.000000
599.000000
657.000000
544.000000
495.000000
437.000000
32563.000000
433.000000
542.000000
381.000000
382.000000
386.000000
549.000000
549.000000
648.000000
276.000000
439.000000
496.000000
601.000000
546.000000
493.000000
488.000000
492.000000
706.000000
383.000000
379.000000
544.000000
491.000000
593.000000
597.000000
490.000000
489.000000
496.000000
497.000000
658.000000
654.000000
660.000000
648.000000
594.000000
549.000000
487.000000
383.000000
867.000000
658.000000
603.000000
548.000000
496.000000
433.000000
438.000000
437.000000
435.000000
439.000000
487.000000
603.000000
595.000000
548.000000
541.000000
541.000000
547.000000
600.000000
600.000000
646.000000
765.000000
543.000000
556.000000
542.000000
31780.000000
713.000000
708.000000
653.000000
595.000000
493.000000
539.000000
488.000000
492.000000
485.000000
544.000000
599.000000
325.000000
325.000000
325.000000
382.000000
486.000000
595.000000
488.000000
494.000000
433.000000
436.000000
442.000000
589.000000
436.000000
445.000000
542.000000
541.000000
544.000000
651.000000
545.000000
605.000000
548.000000
601.000000
608.000000
27141.000000
502.000000
594.000000
491.000000
548.000000
487.000000
446.000000
489.000000
482.000000
487.000000
546.000000
552.000000
601.000000
596.000000
654.000000
646.000000
599.000000
542.000000
379.000000
379.000000
552.000000
545.000000
164.000000
271.000000
380.000000
40273.000000
329.000000
542.000000
548.000000
491.000000
446.000000
28708.000000
332.000000
383.000000
385.000000
379.000000
605.000000
607.000000
564.000000
502.000000
491.000000
495.000000
338.000000
432.000000
438.000000
551.000000
656.000000
604.000000
488.000000
548.000000
546.000000
491.000000
433.000000
654.000000
22877.000000
600.000000
507.000000
607.000000
718.000000
808.000000
598.000000
495.000000
495.000000
495.000000
436.000000
488.000000
380.000000
815.000000
602.000000
540.000000
600.000000
599.000000
651.000000
652.000000
329.000000
329.000000
325.000000
495.000000
599.000000
546.000000
545.000000
714.000000
437.000000
441.000000
542.000000
434.000000
654.000000
603.000000
606.000000
652.000000
30203.000000
439.000000
487.000000
440.000000
699.000000
17055.000000
545.000000
543.000000
601.000000
546.000000
491.000000
491.000000
327.000000
379.000000
599.000000
24764.000000
602.000000
599.000000
544.000000
437.000000
433.000000
489.000000
873.000000
597.000000
650.000000
650.000000
653.000000
650.000000
653.000000
599.000000
656.000000
600.000000
543.000000
600.000000
703.000000
716.000000
592.000000
494.000000
487.000000
329.000000
490.000000
595.000000
434.000000
437.000000
433.000000
383.000000
602.000000
380.000000
380.000000
382.000000
380.000000
437.000000
438.000000
491.000000
487.000000
764.000000
760.000000
717.000000
811.000000
608.000000
548.000000
546.000000
598.000000
706.000000
599.000000
486.000000
550.000000
540.000000
555.000000
618.000000
602.000000
597.000000
598.000000
602.000000
659.000000
545.000000
492.000000
380.000000
379.000000
380.000000
596.000000
542.000000
545.000000
488.000000
488.000000
488.000000
495.000000
382.000000
444.000000
438.000000
599.000000
601.000000
661.000000
545.000000
613.000000
651.000000
382.000000
378.000000
546.000000
816.000000
705.000000
548.000000
545.000000
496.000000
495.000000
657.000000
657.000000
654.000000
541.000000
654.000000
595.000000
442.000000
484.000000
486.000000
438.000000
608.000000
501079.000000
492.000000
547.000000
549.000000
542.000000
549.000000
434.000000
491.000000
601.000000
489.000000
492.000000
273.000000
221.000000
271.000000
490.000000
490.000000
600.000000
25026.000000
438.000000
382.000000
331.000000
491.000000
543.000000
602.000000
539.000000
490.000000
492.000000
599.000000
705.000000
707.000000
380.000000
493.000000
543.000000
596.000000
489.000000
379.000000
545.000000
493.000000
495.000000
488.000000
492.000000
511496.000000
488.000000
543.000000
497.000000
653.000000
661.000000
599.000000
548.000000
548.000000
487.000000
552.000000
494.000000
435.000000
432.000000
488.000000
490.000000
380.000000
437.000000
381.000000
489.000000
432.000000
437.000000
383.000000
437.000000
493.000000
544.000000
541.000000
548.000000
552.000000
488.000000
495.000000
439.000000
441.000000
435.000000
433.000000
437.000000
491.000000
595.000000
599.000000
600.000000
599.000000
593.000000
442.000000
492.000000
490.000000
656.000000
603.000000
546.000000
490.000000
450.000000
599.000000
710.000000
600.000000
543.000000
552.000000
489.000000
378.000000
383.000000
379.000000
542.000000
541.000000
496.000000
601.000000
709.000000
542.000000
539.000000
382.000000
434.000000
489.000000
487.000000
22005.000000
655.000000
656.000000
602.000000
660.000000
668.000000
650.000000
653.000000
659.000000
652.000000
545.000000
22484.000000
441.000000
596.000000
441.000000
380.000000
376.000000
383.000000
770.000000
486.000000
543.000000
493.000000
592.000000
487.000000
441.000000
432.000000
487.000000
490.000000
657.000000
707.000000
710.000000
704.000000
659.000000
601.000000
541.000000
647.000000
547.000000
549.000000
24993.000000
491.000000
486.000000
488.000000
545.000000
605.000000
492.000000
435.000000
388.000000
430.000000
379.000000
598.000000
432.000000
547.000000
601.000000
434.000000
599.000000
549.000000
490.000000
596.000000
596.000000
601.000000
601.000000
647.000000
651.000000
599.000000
548.000000
494.000000
434.000000
437.000000
492.000000
541.000000
598.000000
598.000000
652.000000
544.000000
544.000000
596.000000
605.000000
709.000000
548.000000
28555.000000
599.000000
545.000000
601.000000
599.000000
495.000000
23912.000000
383.000000
487.000000
556.000000
546.000000
487.000000
542.000000
545.000000
549.000000
548.000000
540.000000
599.000000
544.000000
547.000000
603.000000
662.000000
220.000000
332.000000
326.000000
325.000000
550.000000
545.000000
488.000000
29652.000000
488.000000
446.000000
544.000000
708.000000
703.000000
655.000000
492.000000
598.000000
544.000000
547.000000
539.000000
438.000000
493.000000
545.000000
760.000000
811.000000
553.000000
552.000000
433.000000
598.000000
552.000000
604.000000
493.000000
432.000000
499.000000
546.000000
597.000000
435.000000
433.000000
503.000000
496.000000
488.000000
492.000000
597.000000
648.000000
554.000000
546.000000
653.000000
765.000000
653.000000
658.000000
653.000000
546.000000
492.000000
488.000000
437.000000
548.000000
491.000000
491.000000
553.000000
649.000000
758.000000
764.000000
657.000000
655.000000
544.000000
492.000000
487.000000
601.000000
822.000000
548.000000
490.000000
489.000000
490.000000
551.000000
598.000000
553.000000
543.000000
542.000000
604.000000
598.000000
548.000000
545.000000
496.000000
486.000000
433.000000
437.000000
492.000000
434.000000
486.000000
488.000000
541.000000
25533.000000
498.000000
491.000000
547.000000
711.000000
163.000000
163.000000
221.000000
218.000000
276.000000
706.000000
648.000000
545.000000
543.000000
333.000000
540.000000
597.000000
593.000000
594.000000
492.000000
32496.000000
436.000000
437.000000
434.000000
433.000000
499.000000
433.000000
595.000000
713.000000
544.000000
652.000000
598.000000
538.000000
491.000000
28504.000000
433.000000
440.000000
491.000000
656.000000
379.000000
487.000000
545.000000
549.000000
487.000000
698.000000
494.000000
549.000000
541.000000
649.000000
546.000000
541.000000
660.000000
653.000000
599.000000
599.000000
602.000000
326.000000
390.000000
486.000000
434.000000
595.000000
377.000000
325.000000
274.000000
279.000000
273.000000
271.000000
492.000000
439.000000
604.000000
600.000000
544.000000
541.000000
490.000000
497.000000
488.000000
540.000000
551.000000
486.000000
380.000000
384.000000
551.000000
545.000000
549.000000
653.000000
651.000000
823.000000
759.000000
595.000000
671.000000
544.000000
540.000000
441.000000
434.000000
437.000000
495.000000
437.000000
24513.000000
541.000000
495.000000
434.000000
440.000000
443.000000
545.000000
20678.000000
545.000000
598.000000
816.000000
433.000000
436.000000
552.000000
550.000000
656.000000
546.000000
489.000000
499.000000
541.000000
542.000000
21878.000000
536.000000
542.000000
378.000000
440.000000
438.000000
540.000000
382.000000
555.000000
546.000000
495.000000
438.000000
601.000000
545.000000
386.000000
384.000000
379.000000
537.000000
436.000000
440.000000
434.000000
388.000000
437.000000
545.000000
599.000000
545.000000
545.000000
24830.000000
603.000000
492.000000
511.000000
493.000000
434.000000
759.000000
386.000000
273.000000
275.000000
325.000000
436.000000
546.000000
496.000000
493.000000
440.000000
437.000000
495.000000
490.000000
487.000000
434.000000
383.000000
379.000000
595.000000
595.000000
605.000000
490.000000
488.000000
436.000000
545.000000
541.000000
537.000000
504.000000
437.000000
387.000000
593.000000
494.000000
600.000000
601.000000
543.000000
495.000000
542.000000
596.000000
542.000000
437.000000
437.000000
379.000000
387.000000
600.000000
19650.000000
487.000000
487.000000
381.000000
381.000000
708.000000
598.000000
594.000000
494.000000
699.000000
651.000000
652.000000
768.000000
594.000000
600.000000
551.000000
541.000000
493.000000
543.000000
545.000000
602.000000
540.000000
603.000000
490.000000
543.000000
486.000000
488.000000
545.000000
500.000000
436.000000
387.000000
326.000000
383.000000
595.000000
599.000000
654.000000
652.000000
653.000000
596.000000
656.000000
654.000000
661.000000
711.000000
716.000000
593.000000
444.000000
438.000000
441.000000
329.000000
332.000000
324.000000
488.000000
383.000000
442.000000
599.000000
540.000000
545.000000
431.000000
328.000000
335.000000
331.000000
433.000000
434.000000
546.000000
28171.000000
607.000000
601.000000
707.000000
544.000000
547.000000
541.000000
491.000000
488.000000
543.000000
598.000000
711.000000
707.000000
659.000000
768.000000
611.000000
715.000000
548.000000
384.000000
384.000000
434.000000
548.000000
490.000000
660.000000
559.000000
487.000000
492.000000
387.000000
336.000000
553.000000
594.000000
605.000000
590.000000
544.000000
595.000000
488.000000
434.000000
495.000000
650.000000
651.000000
541.000000
656.000000
661.000000
386.000000
383.000000
429.000000
492.000000
494.000000
491.000000
488.000000
655.000000
544.000000
542.000000
381.000000
379.000000
325.000000
488.000000
498.000000
383.000000
385.000000
490.000000
493.000000
597.000000
602.000000
653.000000
491.000000
553.000000
597.000000
434.000000
592.000000
490.000000
487.000000
497.000000
380.000000
594.000000
544.000000
437.000000
488.000000
490.000000
500.000000
597.000000
557.000000
493.000000
538.000000
436.000000
436.000000
497.000000
434.000000
433.000000
599.000000
542.000000
554.000000
541.000000
498.000000
491.000000
545.000000
499.000000
496.000000
491.000000
383.000000
432.000000
381.000000
433.000000
494.000000
598.000000
600.000000
657.000000
652.000000
542.000000
544.000000
500.000000
492.000000
542.000000
544.000000
496.000000
489.000000
434.000000
440.000000
545.000000
495.000000
548.000000
546.000000
598.000000
703.000000
651.000000
651.000000
493.000000
657.000000
646.000000
541.000000
543.000000
555.000000
603.000000
546.000000
545.000000
603.000000
594.000000
548.000000
434.000000
539.000000
541.000000
549.000000
593.000000
653.000000
597.000000
549.000000
493.000000
380.000000
433.000000
436.000000
492.000000
488.000000
542.000000
496.000000
648.000000
603.000000
446.000000
541.000000
542.000000
432.000000
549.000000
436.000000
596.000000
439.000000
703.000000
710.000000
599.000000
603.000000
597.000000
655.000000
555.000000
555.000000
599.000000
546.000000
595.000000
487.000000
502.000000
438.000000
487.000000
497.000000
436.000000
488.000000
455.000000
494.000000
28421.000000
602.000000
598.000000
438.000000
438.000000
495.000000
541.000000
549.000000
544.000000
649.000000
710.000000
769.000000
604.000000
606.000000
554.000000
545.000000
544.000000
542.000000
436.000000
486.000000
379.000000
488.000000
437.000000
598.000000
598.000000
502.000000
545.000000
594.000000
545.000000
491.000000
488.000000
556.000000
597.000000
595.000000
433.000000
496.000000
490.000000
384.000000
545.000000
500.000000
544.000000
654.000000
492.000000
442.000000
488.000000
378.000000
653.000000
541.000000
649.000000
548.000000
662.000000
656.000000
598.000000
32410.000000
487.000000
495.000000
546.000000
437.000000
383.000000
383.000000
271.000000
271.000000
430.000000
487.000000
490.000000
491.000000
436.000000
542.000000
545.000000
437.000000
433.000000
387.000000
487.000000
494.000000
499.000000
656.000000
713.000000
383.000000
487.000000
390.000000
384.000000
383.000000
325.000000
326.000000
433.000000
437.000000
557.000000
439.000000
445.000000
436.000000
442.000000
444.000000
435.000000
437.000000
599.000000
540.000000
486.000000
541.000000
545.000000
493.000000
492.000000
541.000000
441.000000
435.000000
559.000000
549.000000
492.000000
433.000000
435.000000
438.000000
602.000000
655.000000
600.000000
16593.000000
649.000000
648.000000
607.000000
20687.000000
595.000000
760.000000
711.000000
549.000000
497.000000
437.000000
497.000000
651.000000
656.000000
657.000000
545.000000
276.000000
383.000000
384.000000
438.000000
490.000000
441.000000
487.000000
379.000000
384.000000
382.000000
486.000000
706.000000
761.000000
379.000000
379.000000
440.000000
489.000000
28537.000000
541.000000
598.000000
598.000000
438.000000
605.000000
487.000000
379.000000
437.000000
602.000000
545.000000
546.000000
541.000000
542.000000
605.000000
595.000000
607.000000
491.000000
489.000000
604.000000
601.000000
604.000000
550.000000
490.000000
495.000000
495.000000
555.000000
493.000000
25315.000000
492.000000
548.000000
487.000000
543.000000
544.000000
382.000000
490.000000
598.000000
495.000000
439.000000
544.000000
545.000000
491.000000
494.000000
489.000000
545.000000
707.000000
540.000000
35670.000000
327.000000
592.000000
487.000000
486.000000
545.000000
28665.000000
599.000000
606.000000
324.000000
329.000000
441.000000
660.000000
605.000000
445.000000
603.000000
603.000000
487.000000
488.000000
487.000000
544.000000
491.000000
651.000000
545.000000
548.000000
601.000000
601.000000
542.000000
545.000000
597.000000
539.000000
542.000000
488.000000
437.000000
447.000000
440.000000
490.000000
444.000000
432.000000
434.000000
438.000000
437.000000
441.000000
603.000000
494.000000
492.000000
440.000000
491.000000
706.000000
546.000000
486.000000
491.000000
435.000000
602.000000
612.000000
441.000000
712.000000
439.000000
438.000000
384.000000
434.000000
544.000000
542.000000
545.000000
546.000000
545.000000
547.000000
542.000000
495.000000
488.000000
489.000000
595.000000
386.000000
441.000000
485.000000
602.000000
599.000000
600.000000
437.000000
606.000000
494.000000
601.000000
542.000000
545.000000
762.000000
384.000000
379.000000
433.000000
652.000000
433.000000
433.000000
436.000000
548.000000
540.000000
545.000000
545.000000
16895.000000
604.000000
487.000000
600.000000
597.000000
24605.000000
546.000000
491.000000
433.000000
437.000000
435.000000
488.000000
549.000000
545.000000
542.000000
541.000000
554.000000
549.000000
553.000000
329.000000
327.000000
383.000000
387.000000
493.000000
488.000000
551.000000
545.000000
598.000000
708.000000
770.000000
438.000000
487.000000
488.000000
543.000000
542.000000
601.000000
598.000000
436.000000
599.000000
606.000000
546.000000
712.000000
716.000000
600.000000
649.000000
650.000000
602.000000
19659.000000
488.000000
596.000000
544.000000
552.000000
545.000000
604.000000
542.000000
492.000000
598.000000
541.000000
648.000000
702.000000
489.000000
710.000000
491.000000
556.000000
545.000000
768.000000
757.000000
491.000000
494.000000
488.000000
550.000000
332.000000
325.000000
379.000000
382.000000
435.000000
650.000000
597.000000
602.000000
600.000000
329.000000
379.000000
605.000000
541.000000
24796.000000
603.000000
599.000000
608.000000
502.000000
487.000000
494.000000
436.000000
502.000000
546.000000
489.000000
822.000000
702.000000
703.000000
764.000000
761.000000
545.000000
494.000000
499.000000
492.000000
504.000000
542.000000
598.000000
766.000000
711.000000
706.000000
597.000000
433.000000
438.000000
436.000000
540.000000
543.000000
606.000000
492.000000
490.000000
439.000000
383.000000
494.000000
503.000000
501.000000
540.000000
434.000000
435.000000
550.000000
545.000000
541.000000
537.000000
539.000000
493.000000
490.000000
487.000000
387.000000
380.000000
601.000000
487.000000
443.000000
486.000000
433.000000
442.000000
493.000000
659.000000
653.000000
649.000000
595.000000
487.000000
491.000000
491.000000
543.000000
599.000000
600.000000
650.000000
438.000000
544.000000
544.000000
334.000000
331.000000
329.000000
331.000000
495.000000
327.000000
704.000000
443.000000
445.000000
435.000000
331.000000
379.000000
24293.000000
660.000000
657.000000
600.000000
599.000000
653.000000
661.000000
649.000000
598.000000
596.000000
545.000000
607.000000
21977.000000
484.000000
386.000000
487.000000
487.000000
550.000000
657.000000
56.000000
55.000000
110.000000
217.000000
873.000000
705.000000
546.000000
436.000000
434.000000
433.000000
437.000000
438.000000
434.000000
596.000000
488.000000
496.000000
603.000000
329.000000
324.000000
545.000000
487.000000
703.000000
714.000000
491.000000
437.000000
440.000000
439.000000
487.000000
541.000000
549.000000
378.000000
655.000000
547.000000
495.000000
384.000000
379.000000
436.000000
552.000000
546.000000
548.000000
545.000000
490.000000
652.000000
538.000000
488.000000
548.000000
553.000000
