268.000000
116.000000
217.000000
218.000000
218.000000
218.000000
221.000000
266.000000
215.000000
215.000000
215.000000
211.000000
217.000000
216.000000
161.000000
161.000000
165.000000
165.000000
218.000000
221.000000
216.000000
275.000000
271.000000
269.000000
215.000000
216.000000
216.000000
161.000000
216.000000
214.000000
214.000000
215.000000
215.000000
221.000000
269.000000
268.000000
268.000000
270.000000
269.000000
268.000000
269.000000
268.000000
269.000000
215.000000
215.000000
109.000000
111.000000
162.000000
215.000000
269.000000
268.000000
268.000000
268.000000
272.000000
269.000000
272.000000
214.000000
215.000000
215.000000
217.000000
215.000000
161.000000
165.000000
161.000000
161.000000
162.000000
161.000000
268.000000
269.000000
269.000000
215.000000
215.000000
217.000000
215.000000
217.000000
221.000000
268.000000
224.000000
271.000000
270.000000
268.000000
272.000000
271.000000
216.000000
217.000000
217.000000
215.000000
218.000000
164.000000
164.000000
269.000000
272.000000
272.000000
276.000000
214.000000
161.000000
162.000000
162.000000
161.000000
165.000000
110.000000
107.000000
107.000000
215.000000
221.000000
215.000000
218.000000
271.000000
272.000000
268.000000
273.000000
268.000000
222.000000
269.000000
269.000000
271.000000
272.000000
269.000000
272.000000
269.000000
270.000000
271.000000
268.000000
275.000000
268.000000
270.000000
271.000000
218.000000
216.000000
218.000000
218.000000
217.000000
218.000000
216.000000
215.000000
218.000000
269.000000
215.000000
218.000000
215.000000
218.000000
270.000000
217.000000
221.000000
218.000000
272.000000
270.000000
270.000000
269.000000
276.000000
269.000000
268.000000
270.000000
270.000000
269.000000
268.000000
219.000000
218.000000
218.000000
218.000000
272.000000
189.000000
268.000000
272.000000
276.000000
268.000000
219.000000
267.000000
215.000000
162.000000
165.000000
161.000000
273.000000
268.000000
215.000000
280.000000
326.000000
216.000000
216.000000
221.000000
216.000000
218.000000
271.000000
272.000000
269.000000
276.000000
269.000000
269.000000
276.000000
269.000000
269.000000
269.000000
215.000000
218.000000
216.000000
215.000000
274.000000
220.000000
111.000000
111.000000
111.000000
108.000000
108.000000
162.000000
272.000000
162.000000
162.000000
108.000000
108.000000
108.000000
12084.000000
161.000000
161.000000
214.000000
322.000000
275.000000
371.000000
269.000000
196.000000
270.000000
268.000000
268.000000
269.000000
275.000000
271.000000
321.000000
272.000000
269.000000
271.000000
269.000000
268.000000
277.000000
218.000000
214.000000
215.000000
165.000000
161.000000
162.000000
215.000000
216.000000
164.000000
161.000000
165.000000
164.000000
108.000000
107.000000
270.000000
213.000000
161.000000
161.000000
108.000000
108.000000
215.000000
215.000000
218.000000
268.000000
271.000000
271.000000
272.000000
272.000000
215.000000
215.000000
266.000000
219.000000
218.000000
218.000000
215.000000
219.000000
218.000000
215.000000
215.000000
215.000000
272.000000
269.000000
268.000000
269.000000
276.000000
271.000000
215.000000
218.000000
214.000000
161.000000
162.000000
162.000000
162.000000
161.000000
162.000000
161.000000
161.000000
216.000000
221.000000
219.000000
216.000000
267.000000
215.000000
214.000000
218.000000
108.000000
108.000000
108.000000
108.000000
161.000000
161.000000
269.000000
275.000000
268.000000
269.000000
272.000000
270.000000
320.000000
218.000000
218.000000
215.000000
215.000000
215.000000
266.000000
215.000000
215.000000
215.000000
218.000000
218.000000
215.000000
215.000000
162.000000
161.000000
162.000000
214.000000
215.000000
218.000000
271.000000
268.000000
272.000000
269.000000
271.000000
217.000000
221.000000
215.000000
220.000000
216.000000
218.000000
215.000000
216.000000
218.000000
215.000000
215.000000
214.000000
214.000000
221.000000
215.000000
224.000000
269.000000
268.000000
268.000000
272.000000
270.000000
275.000000
272.000000
277.000000
327.000000
269.000000
269.000000
216.000000
219.000000
214.000000
218.000000
269.000000
271.000000
273.000000
269.000000
269.000000
268.000000
215.000000
215.000000
218.000000
167.000000
161.000000
161.000000
162.000000
165.000000
161.000000
161.000000
162.000000
216.000000
215.000000
215.000000
218.000000
215.000000
165.000000
161.000000
161.000000
164.000000
215.000000
218.000000
268.000000
218.000000
218.000000
215.000000
218.000000
215.000000
218.000000
273.000000
268.000000
271.000000
268.000000
270.000000
268.000000
220.000000
274.000000
269.000000
219.000000
216.000000
215.000000
4283.000000
161.000000
168.000000
108.000000
108.000000
108.000000
165.000000
108.000000
107.000000
164.000000
161.000000
161.000000
161.000000
161.000000
161.000000
161.000000
218.000000
215.000000
269.000000
269.000000
268.000000
269.000000
317.000000
215.000000
218.000000
268.000000
271.000000
215.000000
215.000000
218.000000
165.000000
164.000000
218.000000
216.000000
215.000000
268.000000
271.000000
219.000000
219.000000
219.000000
224.000000
4105.000000
218.000000
216.000000
214.000000
221.000000
268.000000
269.000000
268.000000
215.000000
215.000000
221.000000
268.000000
269.000000
275.000000
269.000000
272.000000
268.000000
269.000000
269.000000
272.000000
271.000000
269.000000
273.000000
270.000000
269.000000
325.000000
320.000000
272.000000
271.000000
269.000000
268.000000
268.000000
271.000000
269.000000
371.000000
268.000000
269.000000
268.000000
271.000000
268.000000
271.000000
268.000000
215.000000
214.000000
215.000000
217.000000
219.000000
217.000000
216.000000
111.000000
107.000000
161.000000
161.000000
218.000000
257.000000
217.000000
214.000000
274.000000
268.000000
161.000000
215.000000
215.000000
215.000000
219.000000
215.000000
214.000000
275.000000
270.000000
272.000000
218.000000
221.000000
215.000000
162.000000
108.000000
109.000000
161.000000
162.000000
167.000000
168.000000
164.000000
110.000000
217.000000
214.000000
218.000000
215.000000
269.000000
217.000000
161.000000
215.000000
268.000000
164.000000
162.000000
161.000000
219.000000
218.000000
218.000000
214.000000
269.000000
272.000000
271.000000
275.000000
268.000000
269.000000
268.000000
221.000000
162.000000
167.000000
162.000000
165.000000
271.000000
271.000000
223.000000
220.000000
215.000000
214.000000
218.000000
269.000000
269.000000
218.000000
216.000000
214.000000
162.000000
164.000000
163.000000
164.000000
221.000000
108.000000
108.000000
108.000000
161.000000
161.000000
268.000000
272.000000
268.000000
221.000000
269.000000
267.000000
214.000000
161.000000
216.000000
161.000000
162.000000
164.000000
165.000000
161.000000
162.000000
162.000000
161.000000
164.000000
218.000000
216.000000
218.000000
275.000000
215.000000
161.000000
161.000000
164.000000
164.000000
161.000000
164.000000
215.000000
215.000000
218.000000
217.000000
215.000000
214.000000
268.000000
269.000000
88.000000
272.000000
218.000000
231.000000
214.000000
274.000000
268.000000
322.000000
324.000000
268.000000
215.000000
268.000000
271.000000
275.000000
267.000000
268.000000
278.000000
281.000000
270.000000
268.000000
269.000000
268.000000
266.000000
216.000000
221.000000
215.000000
161.000000
163.000000
161.000000
269.000000
269.000000
320.000000
268.000000
269.000000
218.000000
219.000000
215.000000
269.000000
218.000000
215.000000
269.000000
323.000000
275.000000
274.000000
269.000000
272.000000
272.000000
215.000000
215.000000
221.000000
221.000000
215.000000
268.000000
327.000000
269.000000
215.000000
215.000000
215.000000
214.000000
266.000000
216.000000
165.000000
216.000000
218.000000
217.000000
268.000000
269.000000
272.000000
323.000000
271.000000
322.000000
218.000000
218.000000
215.000000
217.000000
216.000000
269.000000
275.000000
269.000000
272.000000
268.000000
271.000000
271.000000
268.000000
325.000000
269.000000
275.000000
270.000000
272.000000
268.000000
270.000000
275.000000
268.000000
271.000000
271.000000
278.000000
268.000000
271.000000
269.000000
271.000000
269.000000
275.000000
271.000000
275.000000
269.000000
324.000000
269.000000
268.000000
268.000000
268.000000
273.000000
219.000000
269.000000
319.000000
271.000000
268.000000
277.000000
322.000000
272.000000
268.000000
269.000000
271.000000
268.000000
266.000000
214.000000
215.000000
266.000000
269.000000
319.000000
268.000000
270.000000
271.000000
269.000000
217.000000
217.000000
216.000000
218.000000
269.000000
217.000000
218.000000
216.000000
215.000000
272.000000
268.000000
272.000000
271.000000
272.000000
218.000000
219.000000
161.000000
212.000000
165.000000
108.000000
165.000000
161.000000
161.000000
159.000000
168.000000
162.000000
161.000000
216.000000
215.000000
220.000000
215.000000
214.000000
215.000000
272.000000
268.000000
218.000000
215.000000
161.000000
164.000000
165.000000
215.000000
215.000000
215.000000
215.000000
221.000000
215.000000
221.000000
216.000000
218.000000
107.000000
108.000000
108.000000
217.000000
214.000000
268.000000
275.000000
325.000000
269.000000
268.000000
217.000000
220.000000
269.000000
220.000000
215.000000
145659.000000
275.000000
215.000000
218.000000
271.000000
220.000000
268.000000
269.000000
270.000000
268.000000
268.000000
268.000000
268.000000
272.000000
268.000000
168.000000
272.000000
272.000000
147.000000
274.000000
228.000000
271.000000
268.000000
218.000000
215.000000
214.000000
215.000000
218.000000
215.000000
215.000000
272.000000
269.000000
270.000000
268.000000
272.000000
272.000000
218.000000
268.000000
274.000000
268.000000
269.000000
269.000000
272.000000
322.000000
271.000000
274.000000
219.000000
215.000000
219.000000
214.000000
215.000000
214.000000
4088.000000
216.000000
214.000000
268.000000
271.000000
330.000000
268.000000
274.000000
269.000000
271.000000
271.000000
321.000000
270.000000
272.000000
272.000000
162.000000
161.000000
227.000000
214.000000
215.000000
268.000000
272.000000
268.000000
214.000000
218.000000
215.000000
219.000000
218.000000
215.000000
275.000000
268.000000
275.000000
271.000000
268.000000
271.000000
272.000000
268.000000
268.000000
274.000000
268.000000
268.000000
271.000000
269.000000
276.000000
271.000000
268.000000
268.000000
268.000000
271.000000
216.000000
165.000000
161.000000
54.000000
55.000000
111.000000
164.000000
215.000000
161.000000
215.000000
215.000000
215.000000
162.000000
161.000000
165.000000
161.000000
162.000000
161.000000
161.000000
163.000000
161.000000
162.000000
162.000000
108.000000
54.000000
108.000000
161.000000
161.000000
161.000000
162.000000
161.000000
164.000000
161.000000
216.000000
214.000000
218.000000
218.000000
269.000000
215.000000
215.000000
215.000000
271.000000
268.000000
273.000000
215.000000
221.000000
216.000000
214.000000
215.000000
220.000000
272.000000
271.000000
268.000000
269.000000
269.000000
271.000000
217.000000
217.000000
216.000000
215.000000
223.000000
272.000000
269.000000
271.000000
271.000000
271.000000
214.000000
277.000000
268.000000
272.000000
272.000000
272.000000
215.000000
222.000000
272.000000
218.000000
216.000000
215.000000
215.000000
215.000000
161.000000
161.000000
161.000000
218.000000
215.000000
218.000000
218.000000
215.000000
221.000000
221.000000
165.000000
216.000000
218.000000
215.000000
161.000000
161.000000
271.000000
268.000000
320.000000
215.000000
166.000000
214.000000
214.000000
219.000000
214.000000
218.000000
215.000000
268.000000
272.000000
319.000000
271.000000
268.000000
221.000000
214.000000
214.000000
215.000000
218.000000
4237.000000
218.000000
217.000000
215.000000
275.000000
271.000000
272.000000
334.000000
269.000000
271.000000
268.000000
272.000000
271.000000
275.000000
267.000000
269.000000
269.000000
271.000000
272.000000
269.000000
271.000000
221.000000
166.000000
215.000000
215.000000
215.000000
215.000000
269.000000
268.000000
268.000000
275.000000
269.000000
271.000000
275.000000
274.000000
271.000000
322.000000
221.000000
214.000000
271.000000
268.000000
268.000000
269.000000
269.000000
269.000000
272.000000
271.000000
322.000000
269.000000
269.000000
268.000000
268.000000
269.000000
268.000000
268.000000
271.000000
272.000000
271.000000
268.000000
272.000000
272.000000
122.000000
162.000000
214.000000
221.000000
215.000000
217.000000
165.000000
215.000000
218.000000
215.000000
214.000000
111.000000
108.000000
108.000000
111.000000
108.000000
111.000000
114.000000
108.000000
218.000000
215.000000
214.000000
216.000000
215.000000
215.000000
219.000000
215.000000
272.000000
269.000000
270.000000
271.000000
215.000000
164.000000
161.000000
108.000000
108.000000
107.000000
107.000000
214.000000
268.000000
271.000000
271.000000
55.000000
54.000000
58.000000
54.000000
54.000000
273.000000
268.000000
268.000000
269.000000
280.000000
220.000000
272.000000
267.000000
271.000000
269.000000
269.000000
271.000000
272.000000
278.000000
268.000000
268.000000
271.000000
269.000000
268.000000
273.000000
221.000000
215.000000
215.000000
161.000000
161.000000
161.000000
218.000000
215.000000
215.000000
161.000000
161.000000
161.000000
165.000000
162.000000
214.000000
215.000000
214.000000
161.000000
164.000000
161.000000
164.000000
168.000000
161.000000
272.000000
271.000000
268.000000
269.000000
272.000000
269.000000
218.000000
214.000000
268.000000
277.000000
164.000000
111.000000
272.000000
272.000000
269.000000
270.000000
161.000000
108.000000
272.000000
274.000000
272.000000
164.000000
163.000000
215.000000
224.000000
161.000000
8058.000000
161.000000
107.000000
108.000000
12096.000000
108.000000
107.000000
221.000000
215.000000
215.000000
217.000000
216.000000
218.000000
268.000000
162.000000
161.000000
162.000000
162.000000
162.000000
107.000000
108.000000
12135.000000
107.000000
162.000000
218.000000
272.000000
215.000000
268.000000
272.000000
271.000000
271.000000
215.000000
218.000000
215.000000
214.000000
215.000000
216.000000
215.000000
219.000000
218.000000
162.000000
161.000000
162.000000
165.000000
111.000000
108.000000
108.000000
269.000000
162.000000
162.000000
164.000000
272.000000
221.000000
272.000000
268.000000
273.000000
271.000000
272.000000
271.000000
214.000000
214.000000
271.000000
269.000000
269.000000
320.000000
272.000000
269.000000
268.000000
215.000000
268.000000
270.000000
269.000000
269.000000
269.000000
271.000000
268.000000
268.000000
268.000000
269.000000
278.000000
268.000000
219.000000
218.000000
218.000000
164.000000
162.000000
161.000000
162.000000
161.000000
214.000000
270.000000
271.000000
269.000000
269.000000
269.000000
268.000000
275.000000
215.000000
215.000000
216.000000
267.000000
222.000000
224.000000
269.000000
4066.000000
215.000000
161.000000
164.000000
162.000000
161.000000
162.000000
165.000000
219.000000
215.000000
161.000000
161.000000
161.000000
163.000000
161.000000
160.000000
161.000000
161.000000
162.000000
162.000000
163.000000
163.000000
165.000000
217.000000
215.000000
214.000000
216.000000
214.000000
269.000000
274.000000
378.000000
272.000000
275.000000
270.000000
107.000000
107.000000
108.000000
108.000000
111.000000
108.000000
107.000000
217.000000
215.000000
268.000000
269.000000
271.000000
276.000000
166.000000
165.000000
108.000000
108.000000
110.000000
161.000000
221.000000
269.000000
324.000000
108.000000
111.000000
108.000000
54.000000
54.000000
54.000000
54.000000
162.000000
161.000000
215.000000
218.000000
269.000000
274.000000
271.000000
272.000000
272.000000
320.000000
272.000000
272.000000
275.000000
266.000000
218.000000
215.000000
218.000000
214.000000
214.000000
215.000000
217.000000
165.000000
164.000000
161.000000
161.000000
161.000000
161.000000
162.000000
161.000000
161.000000
165.000000
162.000000
164.000000
165.000000
161.000000
162.000000
162.000000
164.000000
215.000000
271.000000
164.000000
213.000000
162.000000
161.000000
165.000000
164.000000
268.000000
269.000000
315.000000
214.000000
161.000000
111.000000
271.000000
273.000000
268.000000
269.000000
270.000000
268.000000
268.000000
269.000000
221.000000
270.000000
271.000000
269.000000
269.000000
271.000000
268.000000
268.000000
269.000000
280.000000
216.000000
162.000000
166.000000
161.000000
164.000000
164.000000
162.000000
222.000000
216.000000
266.000000
218.000000
214.000000
215.000000
268.000000
272.000000
215.000000
215.000000
215.000000
214.000000
221.000000
218.000000
215.000000
271.000000
55.000000
162.000000
161.000000
165.000000
164.000000
217.000000
275.000000
268.000000
273.000000
224.000000
215.000000
215.000000
214.000000
221.000000
215.000000
218.000000
221.000000
214.000000
270.000000
218.000000
217.000000
214.000000
268.000000
218.000000
110.000000
111.000000
108.000000
161.000000
162.000000
214.000000
268.000000
271.000000
269.000000
273.000000
319.000000
268.000000
269.000000
273.000000
215.000000
216.000000
215.000000
214.000000
215.000000
219.000000
218.000000
162.000000
165.000000
221.000000
218.000000
215.000000
272.000000
215.000000
220.000000
170.000000
214.000000
215.000000
319.000000
268.000000
271.000000
271.000000
274.000000
269.000000
269.000000
269.000000
215.000000
218.000000
221.000000
217.000000
215.000000
218.000000
221.000000
270.000000
268.000000
271.000000
272.000000
268.000000
271.000000
272.000000
268.000000
273.000000
268.000000
268.000000
271.000000
270.000000
269.000000
275.000000
268.000000
270.000000
271.000000
272.000000
272.000000
268.000000
274.000000
274.000000
271.000000
272.000000
215.000000
215.000000
218.000000
215.000000
270.000000
217.000000
215.000000
215.000000
214.000000
215.000000
234.000000
218.000000
272.000000
268.000000
268.000000
272.000000
218.000000
215.000000
217.000000
4247.000000
273.000000
274.000000
268.000000
275.000000
269.000000
108.000000
108.000000
272.000000
269.000000
268.000000
270.000000
269.000000
319.000000
215.000000
215.000000
215.000000
216.000000
215.000000
214.000000
111.000000
108.000000
323.000000
272.000000
274.000000
320.000000
269.000000
272.000000
268.000000
272.000000
322.000000
268.000000
320.000000
213.000000
268.000000
268.000000
214.000000
215.000000
214.000000
217.000000
268.000000
162.000000
215.000000
214.000000
216.000000
215.000000
215.000000
271.000000
271.000000
274.000000
269.000000
162.000000
161.000000
161.000000
162.000000
164.000000
217.000000
214.000000
215.000000
216.000000
216.000000
217.000000
218.000000
162.000000
164.000000
214.000000
218.000000
219.000000
269.000000
278.000000
274.000000
274.000000
273.000000
268.000000
271.000000
218.000000
219.000000
215.000000
215.000000
215.000000
271.000000
216.000000
215.000000
215.000000
218.000000
269.000000
269.000000
268.000000
269.000000
269.000000
273.000000
268.000000
268.000000
268.000000
269.000000
269.000000
161.000000
162.000000
166.000000
162.000000
215.000000
161.000000
162.000000
218.000000
218.000000
218.000000
214.000000
214.000000
268.000000
164.000000
161.000000
222.000000
277.000000
269.000000
275.000000
220.000000
218.000000
216.000000
218.000000
219.000000
167.000000
161.000000
162.000000
215.000000
218.000000
268.000000
269.000000
272.000000
272.000000
268.000000
215.000000
266.000000
215.000000
214.000000
268.000000
271.000000
269.000000
271.000000
272.000000
272.000000
268.000000
269.000000
218.000000
166.000000
215.000000
215.000000
217.000000
217.000000
275.000000
272.000000
274.000000
268.000000
278.000000
273.000000
271.000000
269.000000
268.000000
268.000000
268.000000
272.000000
273.000000
269.000000
268.000000
271.000000
270.000000
328.000000
272.000000
271.000000
268.000000
54.000000
54.000000
107.000000
215.000000
271.000000
269.000000
269.000000
217.000000
215.000000
216.000000
218.000000
215.000000
268.000000
268.000000
269.000000
214.000000
215.000000
217.000000
215.000000
218.000000
215.000000
215.000000
268.000000
272.000000
272.000000
269.000000
275.000000
275.000000
268.000000
269.000000
271.000000
268.000000
271.000000
319.000000
268.000000
275.000000
268.000000
274.000000
214.000000
214.000000
222.000000
218.000000
108.000000
165.000000
213.000000
161.000000
164.000000
162.000000
8214.000000
271.000000
271.000000
269.000000
274.000000
271.000000
270.000000
164.000000
164.000000
161.000000
161.000000
161.000000
162.000000
161.000000
162.000000
276.000000
271.000000
218.000000
215.000000
215.000000
215.000000
216.000000
218.000000
215.000000
215.000000
215.000000
268.000000
175.000000
162.000000
161.000000
214.000000
273.000000
271.000000
220.000000
215.000000
162.000000
220.000000
218.000000
222.000000
218.000000
269.000000
269.000000
269.000000
216.000000
218.000000
219.000000
215.000000
215.000000
215.000000
164.000000
214.000000
215.000000
223.000000
217.000000
215.000000
4218.000000
218.000000
215.000000
271.000000
271.000000
271.000000
272.000000
269.000000
269.000000
269.000000
221.000000
215.000000
166.000000
161.000000
107.000000
110.000000
108.000000
268.000000
269.000000
270.000000
271.000000
215.000000
215.000000
218.000000
161.000000
161.000000
162.000000
266.000000
269.000000
272.000000
218.000000
217.000000
268.000000
214.000000
161.000000
161.000000
167.000000
161.000000
107.000000
216.000000
218.000000
215.000000
214.000000
215.000000
216.000000
214.000000
272.000000
269.000000
218.000000
282.000000
276.000000
273.000000
270.000000
270.000000
219.000000
215.000000
215.000000
218.000000
215.000000
266.000000
221.000000
215.000000
215.000000
216.000000
216.000000
165.000000
161.000000
161.000000
272.000000
269.000000
221.000000
214.000000
161.000000
271.000000
268.000000
269.000000
325.000000
272.000000
269.000000
272.000000
278.000000
267.000000
218.000000
220.000000
162.000000
168.000000
161.000000
219.000000
215.000000
214.000000
218.000000
215.000000
214.000000
215.000000
215.000000
216.000000
215.000000
218.000000
269.000000
268.000000
165.000000
163.000000
162.000000
161.000000
218.000000
215.000000
218.000000
162.000000
162.000000
161.000000
161.000000
161.000000
161.000000
162.000000
161.000000
161.000000
168.000000
161.000000
161.000000
161.000000
165.000000
214.000000
217.000000
219.000000
271.000000
268.000000
268.000000
272.000000
271.000000
269.000000
268.000000
326.000000
268.000000
276.000000
268.000000
269.000000
4085.000000
218.000000
218.000000
218.000000
217.000000
215.000000
221.000000
218.000000
272.000000
269.000000
272.000000
272.000000
268.000000
273.000000
271.000000
269.000000
268.000000
274.000000
268.000000
215.000000
214.000000
161.000000
216.000000
217.000000
214.000000
214.000000
216.000000
218.000000
164.000000
108.000000
108.000000
107.000000
108.000000
110.000000
163.000000
215.000000
273.000000
272.000000
217.000000
215.000000
215.000000
217.000000
162.000000
111.000000
162.000000
162.000000
162.000000
161.000000
223.000000
162.000000
268.000000
273.000000
275.000000
269.000000
271.000000
328.000000
268.000000
268.000000
219.000000
267.000000
215.000000
108.000000
164.000000
161.000000
161.000000
161.000000
216.000000
268.000000
215.000000
214.000000
216.000000
218.000000
162.000000
161.000000
219.000000
268.000000
273.000000
219.000000
217.000000
215.000000
218.000000
215.000000
268.000000
269.000000
319.000000
278.000000
276.000000
272.000000
272.000000
326.000000
268.000000
268.000000
268.000000
270.000000
167.000000
216.000000
215.000000
221.000000
215.000000
218.000000
215.000000
215.000000
215.000000
272.000000
269.000000
271.000000
269.000000
215.000000
216.000000
219.000000
218.000000
214.000000
219.000000
271.000000
273.000000
215.000000
215.000000
214.000000
215.000000
216.000000
215.000000
270.000000
272.000000
269.000000
269.000000
268.000000
323.000000
269.000000
266.000000
266.000000
214.000000
217.000000
215.000000
214.000000
214.000000
215.000000
274.000000
219.000000
162.000000
161.000000
161.000000
161.000000
165.000000
161.000000
161.000000
269.000000
272.000000
270.000000
268.000000
272.000000
269.000000
271.000000
268.000000
271.000000
272.000000
278.000000
268.000000
272.000000
270.000000
272.000000
271.000000
267.000000
268.000000
269.000000
217.000000
216.000000
215.000000
271.000000
269.000000
273.000000
268.000000
269.000000
272.000000
224.000000
272.000000
217.000000
214.000000
221.000000
215.000000
215.000000
268.000000
268.000000
218.000000
4118.000000
220.000000
216.000000
214.000000
161.000000
162.000000
165.000000
162.000000
164.000000
162.000000
161.000000
161.000000
108.000000
215.000000
269.000000
275.000000
215.000000
217.000000
217.000000
220.000000
215.000000
215.000000
218.000000
266.000000
223.000000
165.000000
161.000000
165.000000
161.000000
161.000000
272.000000
269.000000
215.000000
215.000000
215.000000
271.000000
218.000000
268.000000
270.000000
215.000000
218.000000
215.000000
166.000000
218.000000
215.000000
217.000000
215.000000
322.000000
274.000000
220.000000
273.000000
270.000000
273.000000
273.000000
275.000000
271.000000
277.000000
218.000000
221.000000
218.000000
212.000000
161.000000
214.000000
271.000000
268.000000
219.000000
215.000000
218.000000
215.000000
215.000000
269.000000
326.000000
268.000000
269.000000
270.000000
269.000000
218.000000
160.000000
54.000000
161.000000
165.000000
108.000000
111.000000
170.000000
218.000000
217.000000
215.000000
215.000000
215.000000
268.000000
272.000000
272.000000
271.000000
108.000000
108.000000
108.000000
12071.000000
111.000000
273.000000
268.000000
271.000000
269.000000
271.000000
343.000000
272.000000
272.000000
215.000000
214.000000
216.000000
215.000000
215.000000
218.000000
215.000000
218.000000
219.000000
215.000000
218.000000
215.000000
218.000000
215.000000
215.000000
218.000000
272.000000
269.000000
275.000000
214.000000
215.000000
217.000000
215.000000
215.000000
271.000000
272.000000
275.000000
269.000000
269.000000
218.000000
214.000000
214.000000
215.000000
215.000000
215.000000
218.000000
174.000000
161.000000
215.000000
169.000000
218.000000
215.000000
215.000000
221.000000
222.000000
215.000000
218.000000
266.000000
222.000000
215.000000
108.000000
108.000000
111.000000
215.000000
161.000000
161.000000
271.000000
268.000000
268.000000
214.000000
218.000000
220.000000
215.000000
216.000000
215.000000
218.000000
269.000000
269.000000
268.000000
218.000000
217.000000
216.000000
215.000000
215.000000
215.000000
218.000000
215.000000
268.000000
272.000000
271.000000
268.000000
271.000000
271.000000
214.000000
215.000000
215.000000
215.000000
217.000000
219.000000
107.000000
272.000000
269.000000
272.000000
270.000000
214.000000
218.000000
271.000000
371.000000
227.000000
269.000000
323.000000
215.000000
215.000000
215.000000
268.000000
222.000000
108.000000
269.000000
215.000000
265.000000
269.000000
268.000000
272.000000
269.000000
269.000000
268.000000
268.000000
268.000000
319.000000
268.000000
272.000000
268.000000
215.000000
212.000000
161.000000
165.000000
109.000000
108.000000
161.000000
215.000000
215.000000
266.000000
214.000000
221.000000
268.000000
270.000000
272.000000
272.000000
268.000000
269.000000
272.000000
268.000000
320.000000
271.000000
268.000000
269.000000
269.000000
215.000000
215.000000
214.000000
215.000000
222.000000
215.000000
214.000000
277.000000
268.000000
324.000000
276.000000
269.000000
271.000000
268.000000
269.000000
271.000000
268.000000
268.000000
268.000000
273.000000
269.000000
269.000000
268.000000
268.000000
269.000000
218.000000
214.000000
216.000000
215.000000
215.000000
218.000000
215.000000
217.000000
221.000000
215.000000
162.000000
161.000000
161.000000
162.000000
162.000000
215.000000
221.000000
272.000000
272.000000
320.000000
271.000000
328.000000
271.000000
269.000000
328.000000
268.000000
274.000000
272.000000
274.000000
269.000000
275.000000
273.000000
274.000000
268.000000
277.000000
269.000000
267.000000
183.000000
271.000000
274.000000
268.000000
268.000000
269.000000
324.000000
269.000000
270.000000
269.000000
214.000000
164.000000
164.000000
180.000000
161.000000
161.000000
161.000000
162.000000
162.000000
216.000000
270.000000
217.000000
161.000000
165.000000
161.000000
215.000000
219.000000
269.000000
270.000000
268.000000
216.000000
218.000000
218.000000
221.000000
219.000000
215.000000
215.000000
214.000000
216.000000
218.000000
269.000000
215.000000
156960.000000
271.000000
324.000000
271.000000
268.000000
268.000000
268.000000
271.000000
323.000000
268.000000
270.000000
268.000000
272.000000
322.000000
270.000000
268.000000
270.000000
269.000000
270.000000
269.000000
215.000000
214.000000
217.000000
215.000000
215.000000
214.000000
214.000000
217.000000
218.000000
268.000000
268.000000
268.000000
269.000000
161.000000
164.000000
272.000000
267.000000
218.000000
215.000000
215.000000
215.000000
272.000000
269.000000
269.000000
266.000000
215.000000
215.000000
171.000000
224.000000
218.000000
271.000000
269.000000
136.000000
268.000000
268.000000
268.000000
272.000000
271.000000
269.000000
275.000000
270.000000
271.000000
271.000000
215.000000
217.000000
215.000000
218.000000
215.000000
268.000000
271.000000
272.000000
272.000000
269.000000
276.000000
268.000000
218.000000
220.000000
274.000000
269.000000
319.000000
272.000000
269.000000
271.000000
269.000000
269.000000
268.000000
270.000000
268.000000
269.000000
268.000000
275.000000
216.000000
214.000000
214.000000
218.000000
164.000000
161.000000
161.000000
164.000000
161.000000
215.000000
215.000000
268.000000
271.000000
273.000000
268.000000
268.000000
272.000000
283.000000
268.000000
268.000000
214.000000
219.000000
222.000000
218.000000
215.000000
222.000000
221.000000
215.000000
268.000000
218.000000
215.000000
219.000000
271.000000
271.000000
268.000000
268.000000
272.000000
279.000000
272.000000
330.000000
268.000000
240.000000
215.000000
218.000000
215.000000
214.000000
218.000000
218.000000
218.000000
266.000000
271.000000
268.000000
271.000000
268.000000
268.000000
268.000000
268.000000
269.000000
217.000000
215.000000
215.000000
215.000000
218.000000
222.000000
218.000000
269.000000
277.000000
268.000000
270.000000
268.000000
272.000000
274.000000
218.000000
214.000000
218.000000
269.000000
216.000000
218.000000
216.000000
216.000000
161.000000
268.000000
320.000000
270.000000
275.000000
215.000000
165.000000
221.000000
215.000000
218.000000
215.000000
218.000000
214.000000
215.000000
217.000000
4059.000000
320.000000
272.000000
274.000000
271.000000
170.000000
215.000000
219.000000
219.000000
219.000000
111.000000
108.000000
162.000000
217.000000
215.000000
215.000000
218.000000
215.000000
214.000000
268.000000
274.000000
271.000000
220.000000
271.000000
275.000000
218.000000
214.000000
215.000000
108.000000
161.000000
270.000000
321.000000
268.000000
274.000000
271.000000
269.000000
273.000000
214.000000
214.000000
274.000000
166.000000
217.000000
161.000000
215.000000
214.000000
271.000000
268.000000
271.000000
225.000000
272.000000
268.000000
268.000000
268.000000
272.000000
272.000000
272.000000
268.000000
268.000000
268.000000
120.000000
272.000000
271.000000
215.000000
218.000000
216.000000
221.000000
217.000000
215.000000
217.000000
216.000000
267.000000
269.000000
271.000000
164.000000
167.000000
108.000000
108.000000
215.000000
4151.000000
215.000000
216.000000
302.000000
272.000000
269.000000
223.000000
272.000000
215.000000
276.000000
271.000000
268.000000
269.000000
268.000000
269.000000
268.000000
271.000000
271.000000
272.000000
275.000000
271.000000
275.000000
215.000000
215.000000
215.000000
213.000000
218.000000
162.000000
218.000000
221.000000
271.000000
276.000000
216.000000
218.000000
214.000000
214.000000
216.000000
214.000000
216.000000
215.000000
271.000000
215.000000
215.000000
215.000000
216.000000
217.000000
221.000000
215.000000
161.000000
215.000000
215.000000
215.000000
215.000000
221.000000
215.000000
216.000000
222.000000
215.000000
218.000000
214.000000
215.000000
215.000000
217.000000
215.000000
271.000000
272.000000
272.000000
274.000000
272.000000
269.000000
272.000000
272.000000
323.000000
268.000000
271.000000
269.000000
268.000000
268.000000
269.000000
325.000000
269.000000
268.000000
271.000000
269.000000
268.000000
268.000000
277.000000
268.000000
215.000000
219.000000
218.000000
269.000000
271.000000
271.000000
268.000000
269.000000
269.000000
215.000000
267.000000
169.000000
214.000000
218.000000
218.000000
221.000000
216.000000
268.000000
268.000000
268.000000
269.000000
269.000000
268.000000
268.000000
269.000000
269.000000
218.000000
224.000000
214.000000
215.000000
271.000000
271.000000
269.000000
269.000000
269.000000
269.000000
275.000000
268.000000
271.000000
269.000000
268.000000
271.000000
272.000000
218.000000
216.000000
219.000000
214.000000
214.000000
272.000000
268.000000
272.000000
271.000000
271.000000
275.000000
272.000000
272.000000
269.000000
269.000000
269.000000
269.000000
273.000000
271.000000
270.000000
218.000000
216.000000
214.000000
215.000000
162.000000
161.000000
162.000000
164.000000
270.000000
215.000000
218.000000
214.000000
215.000000
266.000000
268.000000
271.000000
268.000000
269.000000
215.000000
215.000000
108.000000
108.000000
111.000000
269.000000
268.000000
272.000000
268.000000
272.000000
268.000000
269.000000
270.000000
218.000000
219.000000
215.000000
216.000000
268.000000
219.000000
215.000000
217.000000
94.000000
268.000000
269.000000
271.000000
269.000000
266.000000
215.000000
268.000000
271.000000
215.000000
271.000000
216.000000
216.000000
220.000000
216.000000
272.000000
268.000000
268.000000
268.000000
218.000000
216.000000
216.000000
215.000000
215.000000
180.000000
218.000000
218.000000
320.000000
271.000000
218.000000
218.000000
215.000000
217.000000
215.000000
215.000000
271.000000
272.000000
268.000000
272.000000
271.000000
269.000000
268.000000
217.000000
218.000000
215.000000
215.000000
221.000000
214.000000
214.000000
215.000000
218.000000
218.000000
216.000000
268.000000
218.000000
214.000000
215.000000
161.000000
161.000000
161.000000
215.000000
269.000000
161.000000
161.000000
161.000000
164.000000
268.000000
272.000000
214.000000
215.000000
215.000000
218.000000
215.000000
218.000000
215.000000
161.000000
272.000000
215.000000
218.000000
218.000000
217.000000
215.000000
218.000000
11306.000000
161.000000
163.000000
162.000000
108.000000
108.000000
218.000000
4263.000000
214.000000
272.000000
269.000000
268.000000
271.000000
324.000000
269.000000
271.000000
270.000000
268.000000
271.000000
269.000000
268.000000
278.000000
271.000000
268.000000
215.000000
215.000000
272.000000
274.000000
272.000000
295.000000
271.000000
271.000000
323.000000
286.000000
269.000000
274.000000
268.000000
108.000000
108.000000
57.000000
108.000000
108.000000
168.000000
215.000000
219.000000
214.000000
162.000000
166.000000
272.000000
273.000000
216.000000
162.000000
161.000000
107.000000
107.000000
10752.000000
108.000000
161.000000
272.000000
271.000000
215.000000
215.000000
166.000000
218.000000
215.000000
217.000000
215.000000
216.000000
268.000000
219.000000
215.000000
217.000000
219.000000
269.000000
268.000000
324.000000
218.000000
266.000000
162.000000
161.000000
113.000000
108.000000
108.000000
161.000000
108.000000
108.000000
109.000000
107.000000
55.000000
54.000000
55.000000
54.000000
54.000000
161.000000
161.000000
161.000000
161.000000
111.000000
107.000000
108.000000
268.000000
322.000000
271.000000
269.000000
273.000000
272.000000
4062.000000
221.000000
215.000000
215.000000
215.000000
269.000000
268.000000
268.000000
268.000000
276.000000
271.000000
267.000000
273.000000
275.000000
214.000000
215.000000
218.000000
161.000000
167.000000
111.000000
108.000000
162.000000
108.000000
161.000000
162.000000
162.000000
218.000000
214.000000
220.000000
272.000000
321.000000
268.000000
268.000000
323.000000
268.000000
268.000000
272.000000
268.000000
269.000000
271.000000
268.000000
214.000000
161.000000
218.000000
215.000000
215.000000
275.000000
273.000000
215.000000
216.000000
215.000000
222.000000
217.000000
218.000000
214.000000
214.000000
270.000000
161.000000
161.000000
164.000000
161.000000
162.000000
218.000000
272.000000
268.000000
272.000000
273.000000
268.000000
271.000000
271.000000
161.000000
161.000000
162.000000
161.000000
161.000000
161.000000
162.000000
270.000000
272.000000
214.000000
215.000000
107.000000
108.000000
161.000000
162.000000
108.000000
161.000000
161.000000
221.000000
162.000000
161.000000
269.000000
218.000000
215.000000
214.000000
217.000000
217.000000
161.000000
168.000000
161.000000
216.000000
220.000000
218.000000
274.000000
268.000000
272.000000
328.000000
221.000000
215.000000
161.000000
161.000000
110.000000
107.000000
153971.000000
161.000000
165.000000
164.000000
215.000000
109.000000
165.000000
165.000000
166.000000
269.000000
108.000000
107.000000
271.000000
268.000000
271.000000
270.000000
268.000000
268.000000
270.000000
269.000000
268.000000
252.000000
268.000000
270.000000
268.000000
215.000000
217.000000
162.000000
161.000000
216.000000
274.000000
267.000000
215.000000
4145.000000
216.000000
214.000000
6259.000000
161.000000
162.000000
164.000000
268.000000
216.000000
108.000000
111.000000
218.000000
271.000000
215.000000
215.000000
215.000000
214.000000
223.000000
214.000000
217.000000
214.000000
215.000000
221.000000
218.000000
215.000000
218.000000
271.000000
271.000000
269.000000
323.000000
269.000000
268.000000
272.000000
269.000000
271.000000
216.000000
218.000000
167.000000
218.000000
215.000000
215.000000
218.000000
161.000000
162.000000
161.000000
268.000000
326.000000
325.000000
215.000000
221.000000
111.000000
271.000000
271.000000
218.000000
214.000000
220.000000
274.000000
271.000000
268.000000
272.000000
268.000000
269.000000
269.000000
272.000000
269.000000
215.000000
221.000000
217.000000
217.000000
161.000000
8137.000000
161.000000
161.000000
215.000000
215.000000
215.000000
214.000000
272.000000
217.000000
217.000000
218.000000
216.000000
214.000000
221.000000
215.000000
57.000000
161.000000
217.000000
272.000000
320.000000
269.000000
269.000000
274.000000
268.000000
273.000000
269.000000
268.000000
218.000000
215.000000
215.000000
270.000000
217.000000
215.000000
323.000000
322.000000
271.000000
274.000000
217.000000
215.000000
221.000000
215.000000
214.000000
268.000000
268.000000
271.000000
108.000000
107.000000
108.000000
275.000000
214.000000
217.000000
215.000000
214.000000
220.000000
217.000000
214.000000
269.000000
268.000000
271.000000
272.000000
215.000000
272.000000
219.000000
217.000000
216.000000
217.000000
216.000000
221.000000
268.000000
267.000000
268.000000
214.000000
215.000000
218.000000
214.000000
221.000000
215.000000
217.000000
164070.000000
215.000000
170.000000
271.000000
215.000000
220.000000
218.000000
215.000000
218.000000
169.000000
165.000000
218.000000
218.000000
214.000000
217.000000
214.000000
214.000000
162.000000
214.000000
164.000000
162.000000
215.000000
218.000000
214.000000
214.000000
215.000000
214.000000
217.000000
217.000000
214.000000
215.000000
297.000000
268.000000
222.000000
275.000000
271.000000
269.000000
269.000000
269.000000
216.000000
216.000000
266.000000
213.000000
161.000000
215.000000
217.000000
214.000000
217.000000
268.000000
275.000000
271.000000
218.000000
274.000000
274.000000
269.000000
271.000000
269.000000
269.000000
270.000000
276.000000
321.000000
268.000000
217.000000
268.000000
270.000000
268.000000
161.000000
161.000000
161.000000
161.000000
217.000000
214.000000
218.000000
218.000000
217.000000
271.000000
271.000000
269.000000
269.000000
268.000000
268.000000
268.000000
271.000000
269.000000
271.000000
215.000000
166.000000
214.000000
219.000000
215.000000
215.000000
277.000000
221.000000
272.000000
215.000000
218.000000
215.000000
161.000000
164.000000
112.000000
162.000000
162.000000
161.000000
165.000000
163.000000
113.000000
219.000000
272.000000
269.000000
271.000000
269.000000
268.000000
269.000000
216.000000
219.000000
217.000000
215.000000
272.000000
268.000000
221.000000
216.000000
216.000000
218.000000
217.000000
266.000000
220.000000
214.000000
268.000000
271.000000
269.000000
268.000000
268.000000
271.000000
268.000000
275.000000
212.000000
161.000000
162.000000
162.000000
164.000000
269.000000
269.000000
271.000000
216.000000
216.000000
214.000000
215.000000
218.000000
215.000000
214.000000
269.000000
271.000000
216.000000
161.000000
161.000000
108.000000
108.000000
110.000000
111.000000
215.000000
162.000000
164.000000
164.000000
108.000000
108.000000
162.000000
164.000000
218.000000
325.000000
215.000000
214.000000
221.000000
165.000000
161.000000
219.000000
219.000000
271.000000
271.000000
271.000000
161.000000
161.000000
161.000000
218.000000
269.000000
268.000000
271.000000
270.000000
270.000000
271.000000
275.000000
275.000000
229.000000
215.000000
223.000000
216.000000
218.000000
274.000000
268.000000
269.000000
271.000000
269.000000
224.000000
268.000000
271.000000
269.000000
269.000000
272.000000
271.000000
319.000000
160136.000000
215.000000
54.000000
54.000000
55.000000
108.000000
54.000000
54.000000
55.000000
57.000000
215.000000
218.000000
214.000000
162.000000
162.000000
107.000000
108.000000
214.000000
270.000000
271.000000
269.000000
275.000000
218.000000
3561.000000
215.000000
214.000000
215.000000
218.000000
219.000000
215.000000
215.000000
274.000000
268.000000
218.000000
214.000000
214.000000
219.000000
218.000000
221.000000
217.000000
218.000000
272.000000
269.000000
273.000000
269.000000
269.000000
268.000000
268.000000
272.000000
268.000000
275.000000
269.000000
269.000000
217.000000
161.000000
164.000000
164.000000
274.000000
215.000000
220.000000
215.000000
400.000000
272.000000
218.000000
215.000000
221.000000
215.000000
214.000000
269.000000
275.000000
271.000000
268.000000
271.000000
271.000000
277.000000
268.000000
269.000000
274.000000
268.000000
220.000000
269.000000
268.000000
268.000000
272.000000
269.000000
267.000000
272.000000
221.000000
215.000000
215.000000
219.000000
215.000000
218.000000
271.000000
269.000000
271.000000
268.000000
220.000000
268.000000
268.000000
214.000000
214.000000
222.000000
215.000000
218.000000
221.000000
227.000000
218.000000
215.000000
214.000000
319.000000
268.000000
215.000000
215.000000
218.000000
216.000000
215.000000
215.000000
215.000000
215.000000
215.000000
272.000000
272.000000
268.000000
271.000000
271.000000
269.000000
270.000000
271.000000
268.000000
274.000000
271.000000
272.000000
272.000000
269.000000
268.000000
279.000000
275.000000
271.000000
268.000000
271.000000
269.000000
266.000000
218.000000
215.000000
215.000000
218.000000
217.000000
270.000000
272.000000
270.000000
271.000000
275.000000
268.000000
328.000000
277.000000
269.000000
268.000000
269.000000
164.000000
165.000000
161.000000
165.000000
161.000000
215.000000
268.000000
271.000000
218.000000
217.000000
218.000000
215.000000
215.000000
167.000000
269.000000
268.000000
325.000000
352.000000
269.000000
280.000000
268.000000
269.000000
215.000000
219.000000
218.000000
162.000000
164.000000
162.000000
161.000000
216.000000
219.000000
269.000000
370.000000
271.000000
275.000000
268.000000
270.000000
274.000000
270.000000
223.000000
270.000000
268.000000
271.000000
269.000000
268.000000
221.000000
108.000000
108.000000
108.000000
107.000000
161.000000
268.000000
270.000000
323.000000
268.000000
268.000000
270.000000
269.000000
271.000000
268.000000
272.000000
268.000000
271.000000
268.000000
269.000000
220.000000
221.000000
272.000000
268.000000
268.000000
269.000000
270.000000
275.000000
269.000000
271.000000
271.000000
272.000000
269.000000
271.000000
269.000000
270.000000
269.000000
271.000000
269.000000
267.000000
155846.000000
320.000000
268.000000
272.000000
325.000000
217.000000
215.000000
269.000000
218.000000
214.000000
272.000000
223.000000
216.000000
217.000000
224.000000
4269.000000
271.000000
275.000000
218.000000
215.000000
215.000000
215.000000
217.000000
214.000000
162.000000
165.000000
165.000000
161.000000
108.000000
107.000000
108.000000
108.000000
161.000000
161.000000
164.000000
163.000000
269.000000
268.000000
272.000000
215.000000
215.000000
216.000000
226.000000
215.000000
218.000000
220.000000
162.000000
214.000000
217.000000
215.000000
214.000000
161.000000
218.000000
218.000000
268.000000
162.000000
164.000000
162.000000
111.000000
108.000000
214.000000
215.000000
217.000000
215.000000
215.000000
161.000000
161.000000
161.000000
162.000000
215.000000
215.000000
218.000000
269.000000
268.000000
268.000000
275.000000
268.000000
272.000000
321.000000
273.000000
274.000000
268.000000
272.000000
269.000000
320.000000
269.000000
268.000000
215.000000
214.000000
215.000000
219.000000
221.000000
222.000000
215.000000
215.000000
268.000000
271.000000
268.000000
274.000000
275.000000
269.000000
269.000000
268.000000
271.000000
218.000000
218.000000
215.000000
217.000000
169.000000
268.000000
271.000000
214.000000
215.000000
218.000000
216.000000
217.000000
168.000000
215.000000
213.000000
165.000000
215.000000
162.000000
214.000000
274.000000
268.000000
221.000000
268.000000
270.000000
272.000000
271.000000
269.000000
217.000000
266.000000
214.000000
165.000000
215.000000
215.000000
215.000000
215.000000
323.000000
215.000000
214.000000
215.000000
218.000000
215.000000
215.000000
215.000000
216.000000
271.000000
216.000000
219.000000
215.000000
221.000000
216.000000
268.000000
269.000000
271.000000
269.000000
271.000000
268.000000
269.000000
161.000000
217.000000
216.000000
108.000000
108.000000
108.000000
222.000000
268.000000
272.000000
270.000000
275.000000
271.000000
273.000000
270.000000
271.000000
271.000000
271.000000
269.000000
323.000000
271.000000
276.000000
215.000000
215.000000
218.000000
215.000000
270.000000
268.000000
271.000000
271.000000
268.000000
270.000000
268.000000
275.000000
269.000000
271.000000
272.000000
272.000000
272.000000
271.000000
271.000000
269.000000
271.000000
269.000000
269.000000
273.000000
272.000000
214.000000
215.000000
214.000000
215.000000
274.000000
272.000000
268.000000
269.000000
269.000000
272.000000
268.000000
272.000000
218.000000
215.000000
266.000000
218.000000
265.000000
275.000000
268.000000
270.000000
271.000000
272.000000
271.000000
218.000000
215.000000
218.000000
214.000000
270.000000
273.000000
274.000000
278.000000
272.000000
319.000000
269.000000
272.000000
268.000000
215.000000
214.000000
215.000000
221.000000
218.000000
271.000000
224.000000
271.000000
268.000000
161.000000
164.000000
162.000000
268.000000
272.000000
215.000000
216.000000
218.000000
214.000000
149068.000000
269.000000
269.000000
275.000000
271.000000
271.000000
270.000000
271.000000
269.000000
268.000000
268.000000
275.000000
270.000000
271.000000
269.000000
236.000000
161.000000
217.000000
114.000000
161.000000
268.000000
275.000000
215.000000
218.000000
161.000000
111.000000
107.000000
107.000000
108.000000
107.000000
111.000000
161.000000
215.000000
268.000000
218.000000
214.000000
215.000000
271.000000
268.000000
269.000000
269.000000
214.000000
164.000000
164.000000
164.000000
163.000000
272.000000
323.000000
271.000000
268.000000
271.000000
269.000000
218.000000
218.000000
215.000000
218.000000
111.000000
110.000000
161.000000
164.000000
161.000000
269.000000
269.000000
268.000000
159127.000000
215.000000
215.000000
218.000000
165.000000
162.000000
215.000000
215.000000
215.000000
221.000000
221.000000
215.000000
218.000000
269.000000
272.000000
268.000000
268.000000
268.000000
279.000000
272.000000
268.000000
269.000000
169.000000
214.000000
215.000000
108.000000
107.000000
12052.000000
218.000000
271.000000
268.000000
268.000000
278.000000
268.000000
216.000000
215.000000
215.000000
161.000000
215.000000
215.000000
215.000000
270.000000
272.000000
162.000000
270.000000
269.000000
268.000000
269.000000
268.000000
268.000000
268.000000
269.000000
267.000000
215.000000
215.000000
271.000000
272.000000
271.000000
271.000000
268.000000
272.000000
272.000000
270.000000
274.000000
270.000000
275.000000
269.000000
269.000000
272.000000
271.000000
269.000000
273.000000
215.000000
215.000000
218.000000
215.000000
219.000000
214.000000
216.000000
268.000000
162.000000
219.000000
277.000000
275.000000
269.000000
268.000000
268.000000
269.000000
268.000000
269.000000
215.000000
217.000000
271.000000
273.000000
268.000000
221.000000
268.000000
272.000000
215.000000
215.000000
218.000000
215.000000
216.000000
268.000000
271.000000
215.000000
219.000000
219.000000
271.000000
272.000000
268.000000
269.000000
323.000000
218.000000
215.000000
214.000000
215.000000
214.000000
222.000000
272.000000
217.000000
218.000000
165.000000
215.000000
155144.000000
269.000000
275.000000
271.000000
268.000000
271.000000
268.000000
270.000000
268.000000
269.000000
268.000000
269.000000
269.000000
271.000000
272.000000
269.000000
271.000000
275.000000
274.000000
273.000000
272.000000
269.000000
298.000000
269.000000
217.000000
215.000000
267.000000
166.000000
271.000000
320.000000
268.000000
268.000000
274.000000
275.000000
272.000000
268.000000
269.000000
271.000000
270.000000
268.000000
268.000000
272.000000
270.000000
218.000000
108.000000
108.000000
108.000000
161.000000
162.000000
215.000000
217.000000
221.000000
268.000000
114.000000
108.000000
108.000000
164.000000
163.000000
164.000000
161.000000
214.000000
214.000000
218.000000
268.000000
269.000000
124.000000
269.000000
271.000000
272.000000
215.000000
214.000000
161.000000
161.000000
165.000000
216.000000
164.000000
161.000000
162.000000
161.000000
162.000000
161.000000
161.000000
269.000000
275.000000
214.000000
220.000000
215.000000
218.000000
218.000000
214.000000
219.000000
215.000000
162.000000
215.000000
218.000000
214.000000
169.000000
218.000000
215.000000
215.000000
4282.000000
268.000000
271.000000
269.000000
218.000000
219.000000
220.000000
274.000000
268.000000
268.000000
269.000000
271.000000
268.000000
269.000000
269.000000
272.000000
278.000000
268.000000
269.000000
271.000000
271.000000
220.000000
268.000000
319.000000
268.000000
268.000000
245.000000
269.000000
276.000000
215.000000
215.000000
215.000000
4033.000000
272.000000
323.000000
269.000000
268.000000
217.000000
161.000000
161.000000
164.000000
162.000000
161.000000
217.000000
215.000000
214.000000
4151.000000
215.000000
272.000000
269.000000
268.000000
275.000000
268.000000
270.000000
271.000000
268.000000
219.000000
218.000000
167.000000
164.000000
161.000000
219.000000
214.000000
218.000000
217.000000
218.000000
270.000000
269.000000
272.000000
272.000000
268.000000
272.000000
162.000000
164.000000
164.000000
164.000000
162.000000
268.000000
216.000000
217.000000
221.000000
215.000000
215.000000
271.000000
271.000000
269.000000
269.000000
271.000000
269.000000
272.000000
271.000000
268.000000
215.000000
4156.000000
215.000000
214.000000
215.000000
270.000000
274.000000
269.000000
273.000000
216.000000
271.000000
275.000000
215.000000
215.000000
215.000000
214.000000
215.000000
218.000000
215.000000
218.000000
221.000000
268.000000
272.000000
268.000000
269.000000
231.000000
269.000000
269.000000
323.000000
268.000000
215.000000
215.000000
215.000000
218.000000
215.000000
216.000000
215.000000
218.000000
269.000000
220.000000
273.000000
218.000000
271.000000
274.000000
274.000000
323.000000
271.000000
277.000000
269.000000
272.000000
274.000000
268.000000
271.000000
268.000000
272.000000
221.000000
218.000000
214.000000
215.000000
5719.000000
271.000000
275.000000
272.000000
268.000000
267.000000
269.000000
269.000000
272.000000
269.000000
275.000000
319.000000
269.000000
168.000000
215.000000
163.000000
161.000000
164.000000
218.000000
161.000000
161.000000
168.000000
269.000000
274.000000
279.000000
274.000000
269.000000
270.000000
221.000000
214.000000
219.000000
161.000000
161.000000
161.000000
164.000000
161.000000
214.000000
161.000000
161.000000
215.000000
215.000000
268.000000
268.000000
269.000000
272.000000
322.000000
272.000000
275.000000
271.000000
269.000000
215.000000
218.000000
162.000000
164.000000
161.000000
161.000000
215.000000
270.000000
272.000000
272.000000
269.000000
272.000000
271.000000
270.000000
276.000000
276.000000
271.000000
269.000000
274.000000
218.000000
215.000000
215.000000
218.000000
220.000000
215.000000
215.000000
215.000000
216.000000
216.000000
214.000000
161.000000
167.000000
164.000000
218.000000
215.000000
172.000000
114.000000
108.000000
110.000000
108.000000
161.000000
164.000000
108.000000
108.000000
107.000000
111.000000
218.000000
268.000000
268.000000
271.000000
271.000000
268.000000
215.000000
268.000000
319.000000
215.000000
275.000000
271.000000
271.000000
271.000000
319.000000
278.000000
269.000000
161.000000
212.000000
219.000000
218.000000
268.000000
269.000000
215.000000
121.000000
215.000000
215.000000
220.000000
161.000000
161.000000
212.000000
161.000000
212.000000
215.000000
214.000000
268.000000
272.000000
214.000000
214.000000
218.000000
269.000000
272.000000
272.000000
272.000000
325.000000
272.000000
268.000000
271.000000
269.000000
268.000000
268.000000
271.000000
269.000000
270.000000
272.000000
268.000000
269.000000
268.000000
269.000000
273.000000
269.000000
219.000000
215.000000
218.000000
318.000000
215.000000
215.000000
215.000000
215.000000
269.000000
320.000000
275.000000
271.000000
268.000000
271.000000
269.000000
271.000000
268.000000
271.000000
268.000000
269.000000
268.000000
268.000000
275.000000
269.000000
268.000000
269.000000
268.000000
215.000000
215.000000
166.000000
162.000000
162.000000
216.000000
268.000000
271.000000
268.000000
217.000000
216.000000
215.000000
215.000000
215.000000
215.000000
271.000000
272.000000
222.000000
214.000000
215.000000
161.000000
162.000000
161.000000
161.000000
217.000000
214.000000
268.000000
218.000000
275.000000
218.000000
215.000000
215.000000
220.000000
226.000000
215.000000
218.000000
270.000000
269.000000
272.000000
323.000000
268.000000
323.000000
272.000000
268.000000
267.000000
220.000000
218.000000
215.000000
162.000000
164.000000
108.000000
161.000000
164.000000
215.000000
218.000000
218.000000
217.000000
161.000000
161.000000
165.000000
215.000000
215.000000
214.000000
215.000000
215.000000
217.000000
221.000000
216.000000
218.000000
275.000000
271.000000
269.000000
271.000000
270.000000
278.000000
274.000000
215.000000
218.000000
219.000000
215.000000
215.000000
268.000000
274.000000
219.000000
216.000000
217.000000
215.000000
215.000000
219.000000
165.000000
161.000000
164.000000
161.000000
161.000000
162.000000
163.000000
161.000000
268.000000
269.000000
272.000000
273.000000
218.000000
215.000000
168.000000
167.000000
221.000000
217.000000
214.000000
215.000000
218.000000
270.000000
272.000000
269.000000
268.000000
271.000000
271.000000
272.000000
215.000000
4234.000000
108.000000
108.000000
108.000000
108.000000
107.000000
161.000000
269.000000
274.000000
218.000000
215.000000
269.000000
4067.000000
272.000000
215.000000
214.000000
268.000000
275.000000
269.000000
218.000000
214.000000
214.000000
218.000000
218.000000
218.000000
217.000000
224.000000
215.000000
218.000000
215.000000
215.000000
221.000000
216.000000
217.000000
272.000000
268.000000
269.000000
271.000000
271.000000
269.000000
327.000000
273.000000
268.000000
268.000000
269.000000
269.000000
271.000000
218.000000
218.000000
214.000000
218.000000
215.000000
215.000000
215.000000
214.000000
218.000000
218.000000
218.000000
280.000000
268.000000
271.000000
161.000000
215.000000
164.000000
164.000000
161.000000
161.000000
161.000000
163.000000
271.000000
269.000000
269.000000
271.000000
215.000000
4150.000000
216.000000
164134.000000
268.000000
215.000000
160.000000
161.000000
111.000000
164.000000
108.000000
162.000000
218.000000
161.000000
165.000000
164.000000
221.000000
264.000000
266.000000
219.000000
268.000000
271.000000
220.000000
215.000000
221.000000
215.000000
166.000000
164.000000
214.000000
164.000000
216.000000
215.000000
214.000000
215.000000
221.000000
218.000000
215.000000
4148.000000
217.000000
217.000000
216.000000
215.000000
271.000000
214.000000
215.000000
215.000000
274.000000
215.000000
218.000000
269.000000
269.000000
269.000000
268.000000
161.000000
164.000000
162.000000
165.000000
167.000000
162.000000
162.000000
163.000000
217.000000
215.000000
161.000000
161.000000
161.000000
107.000000
108.000000
107.000000
161.000000
269.000000
277.000000
268.000000
271.000000
215.000000
216.000000
267.000000
215.000000
161.000000
161.000000
161.000000
161.000000
215.000000
214.000000
215.000000
216.000000
161.000000
162.000000
165.000000
162.000000
219.000000
272.000000
215.000000
221.000000
215.000000
215.000000
215.000000
214.000000
218.000000
275.000000
272.000000
269.000000
271.000000
268.000000
274.000000
275.000000
269.000000
272.000000
268.000000
269.000000
274.000000
273.000000
271.000000
222.000000
215.000000
221.000000
218.000000
219.000000
214.000000
215.000000
214.000000
218.000000
269.000000
378.000000
268.000000
270.000000
274.000000
269.000000
217.000000
221.000000
217.000000
215.000000
272.000000
319.000000
274.000000
217.000000
218.000000
218.000000
215.000000
214.000000
218.000000
215.000000
269.000000
268.000000
271.000000
268.000000
271.000000
268.000000
271.000000
272.000000
268.000000
273.000000
268.000000
216.000000
271.000000
269.000000
269.000000
270.000000
269.000000
215.000000
218.000000
215.000000
215.000000
218.000000
275.000000
215.000000
218.000000
215.000000
214.000000
268.000000
221.000000
214.000000
165.000000
161.000000
162.000000
161.000000
161.000000
216.000000
217.000000
215.000000
221.000000
271.000000
269.000000
270.000000
220.000000
215.000000
162.000000
169.000000
162.000000
161.000000
161.000000
220.000000
215.000000
272.000000
214.000000
162.000000
161.000000
275.000000
221.000000
267.000000
270.000000
269.000000
269.000000
269.000000
268.000000
268.000000
268.000000
268.000000
271.000000
271.000000
218.000000
218.000000
219.000000
268.000000
268.000000
271.000000
272.000000
269.000000
268.000000
271.000000
273.000000
268.000000
269.000000
272.000000
221.000000
219.000000
218.000000
218.000000
216.000000
214.000000
271.000000
268.000000
268.000000
268.000000
272.000000
268.000000
271.000000
268.000000
269.000000
220.000000
221.000000
216.000000
214.000000
215.000000
268.000000
270.000000
269.000000
323.000000
215.000000
214.000000
216.000000
215.000000
272.000000
270.000000
272.000000
268.000000
272.000000
269.000000
270.000000
161.000000
215.000000
269.000000
271.000000
269.000000
268.000000
273.000000
268.000000
269.000000
269.000000
269.000000
215.000000
223.000000
215.000000
214.000000
216.000000
215.000000
319.000000
111.000000
111.000000
54.000000
55.000000
55.000000
165.000000
268.000000
215.000000
215.000000
161.000000
161.000000
164.000000
214.000000
215.000000
215.000000
214.000000
218.000000
218.000000
215.000000
165.000000
160.000000
215.000000
162.000000
161.000000
164.000000
268.000000
218.000000
266.000000
113.000000
109.000000
12074.000000
162.000000
161.000000
54.000000
111.000000
111.000000
107.000000
108.000000
108.000000
107.000000
108.000000
108.000000
54.000000
214.000000
269.000000
215.000000
215.000000
222.000000
218.000000
271.000000
271.000000
226.000000
218.000000
221.000000
273.000000
268.000000
268.000000
162.000000
162.000000
164.000000
165.000000
162.000000
161.000000
168.000000
221.000000
215.000000
271.000000
218.000000
218.000000
214.000000
217.000000
218.000000
216.000000
268.000000
270.000000
271.000000
272.000000
268.000000
274.000000
271.000000
271.000000
271.000000
222.000000
219.000000
215.000000
218.000000
215.000000
268.000000
272.000000
219.000000
268.000000
271.000000
271.000000
272.000000
269.000000
215.000000
215.000000
162.000000
164.000000
8118.000000
162.000000
198.000000
268.000000
272.000000
268.000000
268.000000
272.000000
269.000000
268.000000
268.000000
272.000000
217.000000
217.000000
214.000000
214.000000
165.000000
161.000000
161.000000
161.000000
165.000000
108.000000
108.000000
111.000000
161.000000
165.000000
216.000000
164.000000
161.000000
161.000000
215.000000
214.000000
163.000000
162.000000
217.000000
164.000000
108.000000
214.000000
216.000000
268.000000
269.000000
161.000000
162.000000
161.000000
164.000000
161.000000
164.000000
212.000000
161.000000
271.000000
271.000000
320.000000
268.000000
268.000000
273.000000
269.000000
161.000000
161.000000
218.000000
215.000000
4142.000000
268.000000
268.000000
215.000000
215.000000
217.000000
167.000000
111.000000
8141.000000
161.000000
215.000000
218.000000
271.000000
269.000000
274.000000
269.000000
268.000000
275.000000
271.000000
268.000000
271.000000
272.000000
218.000000
214.000000
216.000000
216.000000
218.000000
214.000000
215.000000
214.000000
215.000000
161.000000
164.000000
199498.000000
218.000000
218.000000
218.000000
214.000000
215.000000
215.000000
161.000000
215.000000
4087.000000
218.000000
272.000000
268.000000
268.000000
271.000000
215.000000
215.000000
215.000000
214.000000
4107.000000
214.000000
217.000000
219.000000
270.000000
218.000000
162.000000
165.000000
163.000000
216.000000
162.000000
218.000000
218.000000
216.000000
215.000000
161.000000
160.000000
107.000000
162.000000
220.000000
271.000000
318.000000
215.000000
161.000000
168.000000
164.000000
215.000000
215.000000
216.000000
218.000000
269.000000
268.000000
273.000000
271.000000
279.000000
214.000000
268.000000
275.000000
272.000000
268.000000
275.000000
214.000000
218.000000
215.000000
218.000000
215.000000
218.000000
270.000000
268.000000
268.000000
271.000000
216.000000
215.000000
215.000000
275.000000
214.000000
215.000000
215.000000
323.000000
221.000000
214.000000
161.000000
161.000000
161.000000
108.000000
111.000000
108.000000
161.000000
215.000000
4247.000000
161.000000
215.000000
214.000000
217.000000
218.000000
276.000000
268.000000
270.000000
215.000000
216.000000
215.000000
215.000000
218.000000
217.000000
215.000000
216.000000
268.000000
322.000000
268.000000
269.000000
269.000000
271.000000
274.000000
272.000000
270.000000
272.000000
269.000000
270.000000
272.000000
271.000000
215.000000
214.000000
219.000000
215.000000
215.000000
215.000000
216.000000
215.000000
268.000000
268.000000
268.000000
272.000000
268.000000
268.000000
217.000000
215.000000
218.000000
215.000000
215.000000
272.000000
268.000000
270.000000
268.000000
271.000000
267.000000
268.000000
275.000000
272.000000
270.000000
271.000000
272.000000
268.000000
268.000000
271.000000
269.000000
271.000000
269.000000
325.000000
215.000000
108.000000
269.000000
269.000000
271.000000
275.000000
272.000000
268.000000
269.000000
269.000000
269.000000
220.000000
162.000000
164.000000
161.000000
167.000000
215.000000
268.000000
221.000000
216.000000
214.000000
218.000000
212.000000
165.000000
161.000000
215.000000
215.000000
164.000000
164.000000
164.000000
162.000000
162.000000
165.000000
164.000000
213.000000
161.000000
216.000000
271.000000
268.000000
269.000000
219.000000
214.000000
215.000000
272.000000
271.000000
269.000000
271.000000
274.000000
269.000000
270.000000
269.000000
215.000000
217.000000
215.000000
221.000000
268.000000
268.000000
268.000000
271.000000
271.000000
272.000000
269.000000
268.000000
270.000000
325.000000
275.000000
272.000000
272.000000
272.000000
272.000000
270.000000
271.000000
162.000000
164.000000
214.000000
215.000000
215.000000
162.000000
165.000000
162.000000
162.000000
164.000000
277.000000
268.000000
269.000000
214.000000
217.000000
221.000000
215.000000
216.000000
4247.000000
215.000000
215.000000
218.000000
218.000000
215.000000
268.000000
108.000000
108.000000
215.000000
268.000000
271.000000
215.000000
218.000000
219.000000
277.000000
271.000000
268.000000
269.000000
269.000000
274.000000
271.000000
271.000000
269.000000
271.000000
274.000000
272.000000
317.000000
217.000000
162.000000
161.000000
161.000000
161.000000
161.000000
165.000000
160.000000
218.000000
215.000000
218.000000
269.000000
269.000000
268.000000
268.000000
270.000000
267.000000
272.000000
279.000000
270.000000
269.000000
269.000000
269.000000
268.000000
269.000000
272.000000
272.000000
268.000000
269.000000
269.000000
221.000000
269.000000
271.000000
268.000000
274.000000
269.000000
272.000000
273.000000
268.000000
161.000000
164.000000
161.000000
108.000000
269.000000
268.000000
320.000000
274.000000
269.000000
269.000000
271.000000
218.000000
268.000000
268.000000
271.000000
272.000000
320.000000
269.000000
269.000000
363.000000
274.000000
272.000000
215.000000
215.000000
165.000000
215.000000
217.000000
217.000000
161.000000
161.000000
218.000000
215.000000
218.000000
124.000000
169.000000
161.000000
161.000000
108.000000
55.000000
108.000000
108.000000
165.000000
107.000000
108.000000
215.000000
161.000000
164.000000
168.000000
214.000000
220.000000
221.000000
218.000000
214.000000
215.000000
215.000000
217.000000
218.000000
218.000000
270.000000
269.000000
269.000000
269.000000
268.000000
272.000000
323.000000
269.000000
268.000000
269.000000
324.000000
108.000000
108.000000
270.000000
269.000000
319.000000
276.000000
273.000000
215.000000
215.000000
218.000000
164.000000
160.000000
161.000000
214.000000
215.000000
215.000000
214.000000
265.000000
271.000000
268.000000
161.000000
269.000000
271.000000
161.000000
162.000000
8093.000000
161.000000
161.000000
161.000000
165.000000
215.000000
214.000000
167.000000
161.000000
161.000000
218.000000
215.000000
162.000000
162.000000
160.000000
216.000000
217.000000
161.000000
161.000000
161.000000
218.000000
216.000000
218.000000
162.000000
162.000000
215.000000
225.000000
222.000000
268.000000
216.000000
164.000000
161.000000
215.000000
266.000000
215.000000
215.000000
216.000000
215.000000
220.000000
2764.000000
218.000000
219.000000
215.000000
217.000000
215.000000
269.000000
268.000000
267.000000
270.000000
268.000000
269.000000
217.000000
218.000000
214.000000
269.000000
268.000000
275.000000
273.000000
271.000000
271.000000
271.000000
268.000000
268.000000
271.000000
274.000000
272.000000
274.000000
218.000000
218.000000
216.000000
215.000000
218.000000
218.000000
215.000000
218.000000
221.000000
215.000000
217.000000
218.000000
215.000000
268.000000
274.000000
215.000000
216.000000
217.000000
218.000000
218.000000
215.000000
268.000000
215.000000
217.000000
216.000000
220.000000
216.000000
268.000000
268.000000
217.000000
218.000000
219.000000
215.000000
215.000000
215.000000
161.000000
165.000000
161.000000
161.000000
162.000000
161.000000
215.000000
218.000000
218.000000
271.000000
269.000000
269.000000
215.000000
4106.000000
215.000000
161.000000
214.000000
215.000000
269.000000
271.000000
272.000000
275.000000
271.000000
268.000000
277.000000
268.000000
271.000000
268.000000
269.000000
273.000000
268.000000
272.000000
268.000000
215.000000
220.000000
215.000000
218.000000
217.000000
162.000000
161.000000
161.000000
161.000000
215.000000
215.000000
163.000000
161.000000
162.000000
221.000000
215.000000
275.000000
269.000000
269.000000
215.000000
221.000000
217.000000
215.000000
218.000000
218.000000
220.000000
217.000000
215.000000
218.000000
218.000000
215.000000
218.000000
215.000000
215.000000
215.000000
226.000000
269.000000
272.000000
221.000000
218.000000
268.000000
320.000000
268.000000
266.000000
215.000000
218.000000
218.000000
162.000000
161.000000
216.000000
214.000000
215.000000
218.000000
162.000000
215.000000
161.000000
165.000000
164.000000
161.000000
164.000000
215.000000
270.000000
215.000000
215.000000
218.000000
215.000000
162.000000
161.000000
162.000000
161.000000
161.000000
161.000000
215.000000
217.000000
215.000000
268.000000
272.000000
274.000000
221.000000
215.000000
215.000000
214.000000
218.000000
269.000000
268.000000
171.000000
217.000000
221.000000
215.000000
161.000000
270.000000
275.000000
268.000000
278.000000
272.000000
215.000000
215.000000
214.000000
214.000000
269.000000
220.000000
165.000000
161.000000
162.000000
215.000000
214.000000
215.000000
215.000000
214.000000
215.000000
215.000000
215.000000
269.000000
162.000000
272.000000
268.000000
271.000000
268.000000
272.000000
271.000000
242.000000
268.000000
215.000000
218.000000
212.000000
214.000000
215.000000
215.000000
214.000000
215.000000
215.000000
218.000000
161.000000
162.000000
162.000000
161.000000
270.000000
269.000000
276.000000
274.000000
278.000000
218.000000
216.000000
214.000000
214.000000
215.000000
223.000000
272.000000
268.000000
268.000000
268.000000
215.000000
221.000000
164.000000
168.000000
162.000000
165.000000
161.000000
161.000000
221.000000
218.000000
218.000000
215.000000
221.000000
218.000000
214.000000
218.000000
215.000000
215.000000
214.000000
214.000000
218.000000
268.000000
272.000000
324.000000
269.000000
268.000000
221.000000
161.000000
161.000000
161.000000
161.000000
162.000000
221.000000
215.000000
161.000000
161.000000
161.000000
161.000000
165.000000
161.000000
161.000000
165.000000
216.000000
162.000000
161.000000
108.000000
108.000000
161.000000
161.000000
161.000000
319.000000
269.000000
268.000000
269.000000
273.000000
279.000000
165.000000
162.000000
161.000000
218.000000
159.000000
107.000000
108.000000
161.000000
273.000000
215.000000
171.000000
215.000000
215.000000
217.000000
168.000000
168.000000
272.000000
272.000000
269.000000
269.000000
269.000000
268.000000
272.000000
268.000000
272.000000
268.000000
215.000000
218.000000
215.000000
218.000000
165.000000
161.000000
161.000000
161.000000
165.000000
161.000000
272.000000
272.000000
323.000000
272.000000
274.000000
271.000000
268.000000
216.000000
215.000000
271.000000
275.000000
215.000000
215.000000
215.000000
216.000000
218.000000
215.000000
215.000000
215.000000
215.000000
271.000000
270.000000
269.000000
325.000000
269.000000
268.000000
215.000000
218.000000
218.000000
216.000000
161.000000
161.000000
164.000000
164.000000
217.000000
328.000000
269.000000
215.000000
214.000000
217.000000
215.000000
215.000000
215.000000
215.000000
217.000000
215.000000
218.000000
214.000000
218.000000
216.000000
216.000000
214.000000
161.000000
164.000000
162.000000
161.000000
161.000000
221.000000
279.000000
271.000000
268.000000
268.000000
268.000000
221.000000
161.000000
268.000000
274.000000
274.000000
215.000000
218.000000
219.000000
230.000000
161.000000
164.000000
116.000000
216.000000
161.000000
218.000000
215.000000
218.000000
216.000000
268.000000
215.000000
276.000000
270.000000
276.000000
274.000000
271.000000
268.000000
267.000000
269.000000
218.000000
215.000000
111.000000
108.000000
108.000000
165.000000
161.000000
215.000000
272.000000
273.000000
268.000000
218.000000
162.000000
161.000000
108.000000
164.000000
161.000000
214.000000
269.000000
269.000000
275.000000
161.000000
161.000000
164.000000
161.000000
161.000000
161.000000
161.000000
219.000000
215.000000
214.000000
266.000000
161.000000
161.000000
164.000000
161.000000
161.000000
272.000000
268.000000
271.000000
273.000000
268.000000
272.000000
269.000000
271.000000
270.000000
270.000000
268.000000
218.000000
214.000000
215.000000
217.000000
215.000000
217.000000
162.000000
162.000000
167.000000
161.000000
161.000000
161.000000
161.000000
162.000000
215.000000
215.000000
214.000000
215.000000
268.000000
268.000000
271.000000
272.000000
274.000000
269.000000
271.000000
215.000000
215.000000
164.000000
167.000000
160.000000
164.000000
166.000000
107.000000
161.000000
216.000000
272.000000
272.000000
268.000000
221.000000
214.000000
220.000000
268.000000
217.000000
215.000000
216.000000
218.000000
215.000000
215.000000
218.000000
215.000000
218.000000
214.000000
215.000000
108.000000
111.000000
108.000000
107.000000
273.000000
272.000000
271.000000
272.000000
215.000000
215.000000
167.000000
219.000000
215.000000
215.000000
215.000000
215.000000
164.000000
162.000000
167.000000
162.000000
111.000000
108.000000
161.000000
161.000000
161.000000
163.000000
161.000000
108.000000
108.000000
111.000000
111.000000
12013.000000
161.000000
161.000000
270.000000
269.000000
268.000000
271.000000
271.000000
218.000000
271.000000
269.000000
272.000000
269.000000
269.000000
269.000000
272.000000
218.000000
215.000000
273.000000
161.000000
162.000000
271.000000
272.000000
270.000000
272.000000
271.000000
268.000000
269.000000
268.000000
268.000000
271.000000
269.000000
268.000000
216.000000
221.000000
216.000000
161.000000
161.000000
164.000000
164.000000
218.000000
272.000000
215.000000
215.000000
215.000000
161.000000
161.000000
162.000000
164.000000
162.000000
162.000000
161.000000
214.000000
165.000000
164.000000
217.000000
218.000000
272.000000
275.000000
268.000000
220.000000
270.000000
148.000000
268.000000
269.000000
268.000000
270.000000
150.000000
219.000000
4064.000000
215.000000
161.000000
162.000000
108.000000
107.000000
161.000000
161.000000
161.000000
215.000000
269.000000
272.000000
272.000000
328.000000
321.000000
165.000000
216.000000
217.000000
215.000000
218.000000
215.000000
215.000000
215.000000
218.000000
215.000000
217.000000
216.000000
161.000000
164.000000
218.000000
215.000000
221.000000
215.000000
218.000000
221.000000
214.000000
266.000000
268.000000
272.000000
271.000000
218.000000
218.000000
215.000000
218.000000
215.000000
215.000000
215.000000
215.000000
215.000000
218.000000
268.000000
269.000000
219.000000
320.000000
268.000000
322.000000
272.000000
275.000000
274.000000
272.000000
374.000000
268.000000
272.000000
268.000000
271.000000
272.000000
215.000000
215.000000
214.000000
161.000000
4092.000000
218.000000
218.000000
218.000000
222.000000
215.000000
218.000000
220.000000
215.000000
215.000000
221.000000
215.000000
216.000000
161.000000
161.000000
215.000000
215.000000
215.000000
275.000000
54.000000
58.000000
108.000000
111.000000
110.000000
213.000000
164.000000
214.000000
164.000000
164.000000
164.000000
164.000000
108.000000
109.000000
108.000000
111.000000
108.000000
164.000000
164.000000
8137.000000
272.000000
268.000000
269.000000
272.000000
269.000000
269.000000
266.000000
215.000000
218.000000
220.000000
218.000000
218.000000
268.000000
269.000000
269.000000
268.000000
268.000000
272.000000
268.000000
161.000000
161.000000
162.000000
164.000000
161.000000
161.000000
167.000000
271.000000
268.000000
268.000000
275.000000
274.000000
272.000000
269.000000
270.000000
268.000000
161.000000
161.000000
168.000000
163.000000
164.000000
218.000000
217.000000
219.000000
214.000000
161.000000
161.000000
161.000000
164.000000
164.000000
273.000000
271.000000
319.000000
268.000000
271.000000
268.000000
268.000000
216.000000
161.000000
167.000000
164.000000
215.000000
215.000000
164.000000
161.000000
161.000000
161.000000
218.000000
214.000000
218.000000
218.000000
218.000000
214.000000
276.000000
271.000000
215.000000
218.000000
217.000000
271.000000
271.000000
272.000000
269.000000
217.000000
215.000000
218.000000
215.000000
218.000000
162.000000
161.000000
215.000000
218.000000
215.000000
217.000000
218.000000
217.000000
216.000000
218.000000
219.000000
218.000000
215.000000
215.000000
215.000000
215.000000
218.000000
215.000000
214.000000
215.000000
215.000000
215.000000
163.000000
162.000000
162.000000
269.000000
161.000000
270.000000
215.000000
218.000000
215.000000
215.000000
215.000000
167.000000
275.000000
164.000000
161.000000
162.000000
164.000000
161.000000
267.000000
216.000000
215.000000
220.000000
268.000000
215.000000
215.000000
162.000000
212.000000
164.000000
161.000000
164.000000
271.000000
268.000000
268.000000
268.000000
329.000000
268.000000
273.000000
269.000000
275.000000
272.000000
268.000000
218.000000
216.000000
218.000000
165.000000
164.000000
161.000000
160.000000
162.000000
162.000000
162.000000
161.000000
161.000000
161.000000
165.000000
165.000000
162.000000
162.000000
163.000000
215.000000
214.000000
216.000000
216.000000
161.000000
162.000000
162.000000
269.000000
216.000000
215.000000
215.000000
218.000000
162.000000
268.000000
220.000000
274.000000
275.000000
268.000000
269.000000
275.000000
268.000000
272.000000
361.000000
269.000000
268.000000
270.000000
274.000000
272.000000
269.000000
274.000000
268.000000
269.000000
268.000000
270.000000
271.000000
215.000000
162.000000
161.000000
165.000000
215.000000
214.000000
218.000000
268.000000
268.000000
215.000000
4281.000000
272.000000
271.000000
272.000000
274.000000
268.000000
268.000000
268.000000
323.000000
273.000000
271.000000
273.000000
271.000000
329.000000
272.000000
269.000000
237.000000
269.000000
219.000000
222.000000
215.000000
217.000000
218.000000
274.000000
269.000000
161.000000
164.000000
165.000000
164.000000
162.000000
218.000000
166.000000
162.000000
161.000000
216.000000
215.000000
276.000000
275.000000
269.000000
275.000000
269.000000
268.000000
272.000000
269.000000
161.000000
161.000000
164.000000
161.000000
218.000000
275.000000
272.000000
268.000000
272.000000
270.000000
90.000000
268.000000
215.000000
221.000000
218.000000
162.000000
222.000000
216.000000
215.000000
215.000000
221.000000
214.000000
270.000000
215.000000
214.000000
215.000000
226.000000
215.000000
214.000000
271.000000
215.000000
215.000000
268.000000
219.000000
218.000000
110.000000
268.000000
272.000000
269.000000
268.000000
270.000000
274.000000
275.000000
214.000000
215.000000
214.000000
218.000000
216.000000
215.000000
4789.000000
161.000000
215.000000
215.000000
215.000000
214.000000
275.000000
218.000000
215.000000
214.000000
270.000000
268.000000
268.000000
275.000000
269.000000
269.000000
269.000000
277.000000
269.000000
274.000000
271.000000
162.000000
217.000000
164.000000
217.000000
271.000000
268.000000
269.000000
223.000000
269.000000
108.000000
111.000000
111.000000
108.000000
108.000000
108.000000
218.000000
220.000000
222.000000
214.000000
221.000000
162.000000
217.000000
216.000000
166.000000
271.000000
271.000000
272.000000
272.000000
271.000000
269.000000
271.000000
161.000000
218.000000
266.000000
217.000000
219.000000
268.000000
271.000000
269.000000
268.000000
272.000000
271.000000
271.000000
270.000000
268.000000
272.000000
272.000000
270.000000
218.000000
217.000000
160.000000
164.000000
161.000000
167.000000
161.000000
215.000000
217.000000
269.000000
273.000000
164.000000
161.000000
164.000000
268.000000
270.000000
269.000000
215.000000
114.000000
164.000000
162.000000
162.000000
215.000000
216.000000
218.000000
214.000000
220.000000
214.000000
274.000000
275.000000
278.000000
271.000000
269.000000
268.000000
270.000000
268.000000
271.000000
320.000000
222.000000
214.000000
165.000000
221.000000
217.000000
217.000000
172.000000
268.000000
273.000000
271.000000
161.000000
108.000000
108.000000
111.000000
108.000000
108.000000
54.000000
214.000000
218.000000
218.000000
217.000000
266.000000
214.000000
219.000000
272.000000
274.000000
268.000000
271.000000
272.000000
161.000000
162.000000
162.000000
218.000000
215.000000
161.000000
161.000000
161.000000
163.000000
161.000000
161.000000
161.000000
162.000000
163.000000
273.000000
269.000000
268.000000
268.000000
275.000000
271.000000
269.000000
268.000000
320.000000
268.000000
268.000000
269.000000
215.000000
214.000000
215.000000
215.000000
220.000000
268.000000
269.000000
268.000000
268.000000
215.000000
214.000000
215.000000
215.000000
268.000000
269.000000
272.000000
273.000000
271.000000
269.000000
272.000000
272.000000
272.000000
269.000000
274.000000
270.000000
269.000000
272.000000
275.000000
268.000000
215.000000
167.000000
161.000000
8171.000000
161.000000
164.000000
215.000000
219.000000
215.000000
270.000000
267.000000
274.000000
274.000000
274.000000
268.000000
274.000000
349.000000
161.000000
161.000000
161.000000
108.000000
215.000000
215.000000
215.000000
217.000000
214.000000
215.000000
219.000000
167.000000
277.000000
271.000000
217.000000
215.000000
215.000000
218.000000
214.000000
215.000000
220.000000
214.000000
268.000000
269.000000
274.000000
271.000000
275.000000
270.000000
269.000000
320.000000
274.000000
162.000000
161.000000
215.000000
272.000000
272.000000
269.000000
224.000000
215.000000
214.000000
215.000000
161.000000
220.000000
215.000000
218.000000
165.000000
215.000000
272.000000
269.000000
269.000000
221.000000
215.000000
215.000000
162.000000
162.000000
164.000000
164.000000
162.000000
161.000000
162.000000
216.000000
215.000000
215.000000
218.000000
269.000000
273.000000
275.000000
271.000000
107.000000
108.000000
111.000000
108.000000
107.000000
111.000000
108.000000
268.000000
271.000000
216.000000
165.000000
161.000000
162.000000
216.000000
110.000000
161.000000
218.000000
215.000000
271.000000
378.000000
268.000000
268.000000
268.000000
272.000000
267.000000
269.000000
272.000000
268.000000
269.000000
269.000000
268.000000
268.000000
165.000000
111.000000
