31.000000
24.000000
21.000000
26.000000
20.000000
19.000000
20.000000
19.000000
19.000000
19.000000
20.000000
20.000000
19.000000
19.000000
19.000000
19.000000
25.000000
19.000000
19.000000
19.000000
20.000000
20.000000
21.000000
19.000000
27.000000
19.000000
20.000000
19.000000
20.000000
20.000000
21.000000
20.000000
20.000000
19.000000
20.000000
22.000000
20.000000
20.000000
20.000000
22.000000
18.000000
19.000000
19.000000
20.000000
20.000000
19.000000
20.000000
19.000000
20.000000
20.000000
24.000000
20.000000
20.000000
20.000000
19.000000
20.000000
19.000000
20.000000
19.000000
19.000000
19.000000
19.000000
21.000000
20.000000
20.000000
20.000000
20.000000
20.000000
20.000000
27.000000
22.000000
20.000000
20.000000
20.000000
20.000000
20.000000
19.000000
19.000000
19.000000
20.000000
20.000000
19.000000
20.000000
19.000000
20.000000
20.000000
20.000000
21.000000
20.000000
20.000000
20.000000
20.000000
21.000000
20.000000
20.000000
20.000000
20.000000
20.000000
20.000000
20.000000
25.000000
20.000000
20.000000
19.000000
20.000000
20.000000
20.000000
20.000000
19.000000
18.000000
20.000000
20.000000
20.000000
20.000000
20.000000
19.000000
19.000000
18.000000
19.000000
20.000000
20.000000
20.000000
20.000000
23.000000
19.000000
21.000000
19.000000
20.000000
20.000000
20.000000
20.000000
21.000000
20.000000
21.000000
20.000000
20.000000
20.000000
19.000000
19.000000
19.000000
20.000000
20.000000
20.000000
19.000000
20.000000
19.000000
20.000000
20.000000
19.000000
20.000000
20.000000
20.000000
20.000000
28.000000
20.000000
20.000000
20.000000
20.000000
20.000000
20.000000
20.000000
20.000000
20.000000
19.000000
20.000000
20.000000
20.000000
20.000000
20.000000
19.000000
20.000000
20.000000
19.000000
20.000000
21.000000
20.000000
26.000000
20.000000
20.000000
20.000000
20.000000
19.000000
20.000000
20.000000
20.000000
20.000000
20.000000
19.000000
20.000000
20.000000
20.000000
19.000000
20.000000
20.000000
19.000000
26.000000
19.000000
20.000000
20.000000
20.000000
20.000000
20.000000
19.000000
20.000000
20.000000
19.000000
19.000000
19.000000
20.000000
20.000000
20.000000
20.000000
20.000000
20.000000
20.000000
20.000000
18.000000
20.000000
20.000000
22.000000
20.000000
21.000000
20.000000
20.000000
19.000000
25.000000
19.000000
20.000000
21.000000
20.000000
20.000000
20.000000
20.000000
19.000000
18.000000
24.000000
20.000000
20.000000
20.000000
19.000000
20.000000
21.000000
19.000000
20.000000
19.000000
21.000000
20.000000
19.000000
21.000000
20.000000
20.000000
19.000000
20.000000
20.000000
20.000000
20.000000
20.000000
19.000000
20.000000
20.000000
19.000000
20.000000
20.000000
19.000000
20.000000
20.000000
18.000000
19.000000
41.000000
16.000000
18.000000
20.000000
19.000000
20.000000
23.000000
20.000000
19.000000
19.000000
20.000000
20.000000
19.000000
20.000000
19.000000
20.000000
20.000000
19.000000
26.000000
21.000000
20.000000
20.000000
20.000000
20.000000
20.000000
20.000000
20.000000
20.000000
20.000000
20.000000
20.000000
24.000000
21.000000
20.000000
19.000000
19.000000
20.000000
20.000000
20.000000
19.000000
20.000000
25.000000
19.000000
20.000000
20.000000
20.000000
20.000000
20.000000
20.000000
19.000000
20.000000
21.000000
20.000000
19.000000
19.000000
22.000000
19.000000
19.000000
20.000000
19.000000
20.000000
20.000000
20.000000
21.000000
20.000000
19.000000
19.000000
20.000000
21.000000
20.000000
21.000000
19.000000
26.000000
19.000000
20.000000
20.000000
20.000000
19.000000
20.000000
20.000000
27.000000
19.000000
20.000000
20.000000
19.000000
20.000000
20.000000
20.000000
20.000000
20.000000
20.000000
20.000000
20.000000
20.000000
19.000000
20.000000
20.000000
20.000000
20.000000
20.000000
19.000000
20.000000
20.000000
21.000000
20.000000
19.000000
21.000000
19.000000
19.000000
20.000000
19.000000
20.000000
21.000000
20.000000
20.000000
20.000000
26.000000
20.000000
20.000000
19.000000
21.000000
20.000000
20.000000
23.000000
20.000000
20.000000
19.000000
28.000000
22.000000
17.000000
18.000000
19.000000
20.000000
19.000000
26.000000
20.000000
19.000000
19.000000
18.000000
26.000000
19.000000
19.000000
18.000000
19.000000
20.000000
19.000000
19.000000
20.000000
19.000000
19.000000
30.000000
24.000000
20.000000
27.000000
20.000000
34.000000
21.000000
19.000000
19.000000
20.000000
33.000000
20.000000
20.000000
19.000000
19.000000
20.000000
26.000000
20.000000
19.000000
19.000000
21.000000
20.000000
20.000000
19.000000
19.000000
20.000000
20.000000
19.000000
19.000000
19.000000
26.000000
20.000000
26.000000
20.000000
19.000000
19.000000
26.000000
20.000000
20.000000
20.000000
20.000000
20.000000
20.000000
19.000000
19.000000
25.000000
20.000000
27.000000
20.000000
20.000000
20.000000
26.000000
21.000000
27.000000
19.000000
20.000000
19.000000
20.000000
21.000000
26.000000
20.000000
20.000000
20.000000
20.000000
20.000000
19.000000
20.000000
21.000000
20.000000
20.000000
26.000000
26.000000
19.000000
20.000000
20.000000
19.000000
20.000000
20.000000
20.000000
20.000000
20.000000
19.000000
20.000000
20.000000
20.000000
20.000000
20.000000
26.000000
20.000000
20.000000
20.000000
19.000000
20.000000
20.000000
19.000000
26.000000
26.000000
20.000000
18.000000
27.000000
20.000000
26.000000
20.000000
20.000000
19.000000
19.000000
27.000000
25.000000
19.000000
20.000000
20.000000
19.000000
19.000000
20.000000
20.000000
22.000000
21.000000
20.000000
21.000000
22.000000
26.000000
20.000000
20.000000
20.000000
20.000000
20.000000
20.000000
20.000000
19.000000
20.000000
20.000000
20.000000
20.000000
21.000000
20.000000
19.000000
21.000000
19.000000
20.000000
20.000000
20.000000
20.000000
21.000000
20.000000
28.000000
20.000000
20.000000
20.000000
21.000000
19.000000
20.000000
20.000000
20.000000
20.000000
27.000000
27.000000
19.000000
20.000000
27.000000
20.000000
20.000000
26.000000
21.000000
19.000000
18.000000
20.000000
20.000000
19.000000
20.000000
20.000000
19.000000
20.000000
20.000000
19.000000
27.000000
20.000000
26.000000
20.000000
19.000000
19.000000
26.000000
19.000000
20.000000
20.000000
20.000000
20.000000
20.000000
19.000000
20.000000
20.000000
20.000000
20.000000
20.000000
20.000000
19.000000
20.000000
26.000000
20.000000
20.000000
19.000000
20.000000
20.000000
19.000000
19.000000
20.000000
20.000000
25.000000
19.000000
20.000000
20.000000
20.000000
21.000000
20.000000
20.000000
19.000000
19.000000
20.000000
26.000000
19.000000
19.000000
20.000000
20.000000
19.000000
20.000000
20.000000
20.000000
19.000000
26.000000
25.000000
20.000000
19.000000
19.000000
20.000000
19.000000
20.000000
18.000000
19.000000
19.000000
19.000000
20.000000
20.000000
184.000000
21.000000
21.000000
22.000000
57.000000
25.000000
21.000000
21.000000
26.000000
21.000000
25.000000
22.000000
21.000000
25.000000
21.000000
24.000000
25.000000
25.000000
21.000000
21.000000
22.000000
21.000000
21.000000
21.000000
25.000000
21.000000
22.000000
21.000000
21.000000
24.000000
20.000000
23.000000
28.000000
24.000000
21.000000
21.000000
21.000000
25.000000
24.000000
21.000000
25.000000
26.000000
21.000000
21.000000
21.000000
20.000000
21.000000
21.000000
21.000000
23.000000
22.000000
21.000000
21.000000
21.000000
26.000000
22.000000
25.000000
21.000000
21.000000
26.000000
21.000000
22.000000
21.000000
25.000000
24.000000
21.000000
21.000000
22.000000
25.000000
25.000000
26.000000
27.000000
21.000000
21.000000
22.000000
24.000000
21.000000
21.000000
20.000000
21.000000
22.000000
21.000000
25.000000
21.000000
22.000000
21.000000
21.000000
21.000000
21.000000
22.000000
24.000000
21.000000
20.000000
22.000000
20.000000
21.000000
25.000000
21.000000
25.000000
29.000000
24.000000
21.000000
20.000000
419.000000
339.000000
299.000000
268.000000
3073.000000
3517.000000
5507.000000
6110.000000
4038.000000
20.000000
21.000000
3975.000000
4428.000000
27.000000
25.000000
2968.000000
2890.000000
143337.000000
159442.000000
183996.000000
176881.000000
175923.000000
158055.000000
169046.000000
165334.000000
168582.000000
161101.000000
144020.000000
166623.000000
171739.000000
167708.000000
175786.000000
165341.000000
170526.000000
157267.000000
170606.000000
168569.000000
187008.000000
