20.000000
20.000000
20.000000
20.000000
19.000000
20.000000
20.000000
19.000000
20.000000
20.000000
20.000000
20.000000
19.000000
19.000000
20.000000
19.000000
20.000000
21.000000
19.000000
20.000000
20.000000
20.000000
20.000000
19.000000
19.000000
20.000000
19.000000
19.000000
20.000000
19.000000
19.000000
20.000000
20.000000
20.000000
20.000000
20.000000
20.000000
19.000000
20.000000
20.000000
19.000000
19.000000
19.000000
20.000000
18.000000
19.000000
20.000000
19.000000
19.000000
20.000000
19.000000
19.000000
19.000000
19.000000
20.000000
19.000000
19.000000
19.000000
19.000000
19.000000
19.000000
19.000000
19.000000
20.000000
20.000000
20.000000
19.000000
20.000000
21.000000
19.000000
19.000000
20.000000
20.000000
20.000000
20.000000
20.000000
20.000000
20.000000
19.000000
19.000000
19.000000
19.000000
20.000000
19.000000
20.000000
19.000000
20.000000
20.000000
19.000000
20.000000
18.000000
19.000000
19.000000
19.000000
20.000000
20.000000
20.000000
19.000000
19.000000
20.000000
20.000000
20.000000
20.000000
20.000000
20.000000
19.000000
20.000000
20.000000
18.000000
18.000000
20.000000
20.000000
19.000000
20.000000
19.000000
19.000000
20.000000
20.000000
19.000000
20.000000
19.000000
20.000000
19.000000
20.000000
20.000000
21.000000
18.000000
14.000000
15252.000000
21.000000
21.000000
21.000000
31.000000
20.000000
21.000000
20.000000
20.000000
20.000000
19.000000
19.000000
20.000000
19.000000
20.000000
19.000000
20.000000
19.000000
19.000000
20.000000
20.000000
20.000000
20.000000
20.000000
19.000000
20.000000
19.000000
19.000000
20.000000
20.000000
20.000000
19.000000
19.000000
19.000000
20.000000
20.000000
19.000000
20.000000
26.000000
20.000000
19.000000
19.000000
19.000000
19.000000
18.000000
18.000000
20.000000
19.000000
20.000000
19.000000
19.000000
20.000000
20.000000
19.000000
19.000000
25.000000
20.000000
20.000000
19.000000
19.000000
19.000000
19.000000
19.000000
20.000000
20.000000
20.000000
19.000000
20.000000
19.000000
19.000000
19.000000
18.000000
19.000000
19.000000
19.000000
20.000000
20.000000
19.000000
19.000000
19.000000
20.000000
19.000000
20.000000
19.000000
20.000000
20.000000
19.000000
19.000000
20.000000
19.000000
19.000000
19.000000
18.000000
20.000000
20.000000
20.000000
19.000000
20.000000
21.000000
20.000000
19.000000
19.000000
20.000000
20.000000
20.000000
19.000000
20.000000
19.000000
21.000000
19.000000
19.000000
20.000000
20.000000
20.000000
19.000000
19.000000
19.000000
20.000000
20.000000
19.000000
20.000000
19.000000
19.000000
18.000000
29.000000
25.000000
19.000000
24.000000
18.000000
18.000000
18.000000
19.000000
18.000000
18.000000
19.000000
20.000000
19.000000
18.000000
17.000000
19.000000
19.000000
20.000000
24.000000
20.000000
19.000000
19.000000
19.000000
19.000000
19.000000
19.000000
19.000000
24.000000
19.000000
18.000000
19.000000
19.000000
19.000000
23.000000
20.000000
20.000000
23.000000
25.000000
18.000000
19.000000
19.000000
24.000000
19.000000
21.000000
20.000000
18.000000
18.000000
20.000000
18.000000
18.000000
18.000000
20.000000
18.000000
19.000000
18.000000
19.000000
18.000000
20.000000
21.000000
18.000000
18.000000
18.000000
20.000000
22.000000
18.000000
23.000000
18.000000
18.000000
20.000000
18.000000
18.000000
19.000000
18.000000
20.000000
23.000000
20.000000
30.000000
16.000000
19.000000
18.000000
18.000000
18.000000
19.000000
19.000000
20.000000
25.000000
20.000000
21.000000
26.000000
19.000000
19.000000
20.000000
21.000000
19.000000
19.000000
20.000000
24.000000
18.000000
19.000000
19.000000
18.000000
18.000000
19.000000
20.000000
20.000000
20.000000
20.000000
18.000000
23.000000
20.000000
19.000000
30.000000
19.000000
19.000000
20.000000
19.000000
21.000000
20.000000
20.000000
36.000000
19.000000
19.000000
20.000000
20.000000
19.000000
25.000000
25.000000
19.000000
578.000000
10.000000
25.000000
19.000000
19.000000
20.000000
19.000000
19.000000
18.000000
18.000000
19.000000
19.000000
19.000000
19.000000
25.000000
18.000000
19.000000
20.000000
22.000000
19.000000
24.000000
19.000000
21.000000
19.000000
20.000000
19.000000
20.000000
19.000000
18.000000
19.000000
19.000000
25.000000
19.000000
19.000000
20.000000
19.000000
19.000000
20.000000
19.000000
22.000000
18.000000
18.000000
19.000000
19.000000
18.000000
20.000000
17.000000
19.000000
32.000000
19.000000
19.000000
22.000000
19.000000
18.000000
18.000000
22.000000
19.000000
21.000000
24.000000
22.000000
19.000000
23.000000
23.000000
18.000000
17.000000
19.000000
22.000000
24.000000
20.000000
22.000000
23.000000
20.000000
20.000000
21.000000
23.000000
18.000000
24.000000
19.000000
36.000000
20.000000
20.000000
19.000000
20.000000
20.000000
20.000000
20.000000
17.000000
19.000000
24.000000
19.000000
22.000000
18.000000
19.000000
23.000000
18.000000
19.000000
20.000000
18.000000
19.000000
20.000000
19.000000
21.000000
19.000000
19.000000
18.000000
19.000000
22.000000
19.000000
22.000000
18.000000
18.000000
17.000000
19.000000
25.000000
19.000000
18.000000
19.000000
22.000000
24.000000
20.000000
18.000000
19.000000
25.000000
32.000000
20.000000
20.000000
19.000000
19.000000
19.000000
659.000000
401.000000
10.000000
10.000000
23.000000
19.000000
19.000000
19.000000
19.000000
19.000000
19.000000
19.000000
19.000000
19.000000
19.000000
18.000000
19.000000
19.000000
18.000000
19.000000
19.000000
19.000000
19.000000
19.000000
19.000000
24.000000
19.000000
19.000000
19.000000
19.000000
19.000000
19.000000
19.000000
19.000000
20.000000
18.000000
19.000000
19.000000
18.000000
19.000000
23.000000
19.000000
26.000000
20.000000
18.000000
18.000000
20.000000
19.000000
19.000000
19.000000
19.000000
18.000000
19.000000
18.000000
18.000000
19.000000
19.000000
19.000000
19.000000
19.000000
19.000000
31.000000
19.000000
20.000000
17.000000
19.000000
19.000000
19.000000
18.000000
20.000000
21.000000
21.000000
26.000000
20.000000
21.000000
20.000000
19.000000
33.000000
22.000000
19.000000
19.000000
18.000000
18.000000
19.000000
20.000000
19.000000
22.000000
19.000000
19.000000
18.000000
19.000000
19.000000
20.000000
20.000000
22.000000
21.000000
19.000000
19.000000
19.000000
19.000000
31.000000
19.000000
24.000000
19.000000
24.000000
19.000000
18.000000
19.000000
23.000000
19.000000
19.000000
18.000000
18.000000
22.000000
19.000000
18.000000
19.000000
19.000000
19.000000
24.000000
18.000000
18.000000
20.000000
20.000000
22.000000
20.000000
21.000000
20.000000
17.000000
20.000000
18.000000
19.000000
21.000000
18.000000
18.000000
573.000000
390.000000
398.000000
719.000000
339.000000
18.000000
19.000000
6640.000000
12.000000
19.000000
19.000000
20.000000
21.000000
14.000000
14.000000
13.000000
14.000000
16.000000
17.000000
16.000000
19.000000
18.000000
18.000000
19.000000
18.000000
2083.000000
18.000000
20.000000
20.000000
13.000000
12.000000
2051.000000
17.000000
19.000000
18.000000
18.000000
18.000000
18.000000
18.000000
25.000000
19.000000
19.000000
18.000000
19.000000
18.000000
19.000000
14.000000
15.000000
18.000000
44.000000
6907.000000
18.000000
18.000000
18.000000
19.000000
18.000000
18.000000
2520.000000
21.000000
11.000000
20629.000000
20.000000
20.000000
20.000000
10.000000
12.000000
12.000000
10.000000
13.000000
18.000000
10.000000
20.000000
13.000000
23.000000
20.000000
19.000000
19.000000
19.000000
12.000000
12.000000
14.000000
62.000000
15.000000
32574.000000
13.000000
14.000000
72618.000000
93537.000000
131970.000000
147970.000000
149118.000000
131467.000000
142020.000000
161652.000000
163408.000000
171219.000000
168760.000000
156982.000000
169845.000000
135593.000000
168700.000000
137914.000000
176198.000000
170998.000000
170747.000000
185350.000000
178745.000000
178194.000000
174669.000000
156335.000000
163107.000000
150284.000000
160851.000000
194268.000000
157840.000000
165952.000000
173341.000000
175878.000000
158979.000000
150164.000000
161782.000000
146676.000000
155623.000000
161628.000000
178424.000000
325468.000000
209346.000000
203804.000000
237254.000000
188374.000000
189512.000000
184928.000000
173762.000000
152523.000000
152840.000000
129791.000000
129944.000000
158317.000000
131018.000000
152971.000000
153207.000000
158246.000000
125440.000000
149112.000000
139279.000000
