19.000000
21.000000
20.000000
20.000000
21.000000
26.000000
19.000000
20.000000
20.000000
21.000000
20.000000
21.000000
20.000000
20.000000
20.000000
20.000000
20.000000
20.000000
20.000000
19.000000
20.000000
20.000000
20.000000
20.000000
20.000000
21.000000
20.000000
21.000000
20.000000
20.000000
20.000000
20.000000
20.000000
20.000000
20.000000
20.000000
19.000000
20.000000
20.000000
20.000000
19.000000
19.000000
19.000000
19.000000
19.000000
20.000000
20.000000
21.000000
21.000000
20.000000
20.000000
21.000000
26.000000
28.000000
21.000000
27.000000
19.000000
20.000000
18.000000
19.000000
20.000000
20.000000
19.000000
19.000000
20.000000
20.000000
20.000000
21.000000
21.000000
19.000000
20.000000
19.000000
20.000000
19.000000
20.000000
22.000000
20.000000
19.000000
20.000000
20.000000
20.000000
21.000000
19.000000
20.000000
19.000000
20.000000
20.000000
19.000000
20.000000
20.000000
19.000000
20.000000
20.000000
19.000000
19.000000
20.000000
20.000000
20.000000
21.000000
20.000000
20.000000
20.000000
20.000000
19.000000
20.000000
26.000000
20.000000
20.000000
20.000000
19.000000
21.000000
20.000000
20.000000
20.000000
20.000000
19.000000
803.000000
499.000000
13.000000
22.000000
16.000000
325.000000
554.000000
451.000000
314.000000
285.000000
288.000000
21.000000
21.000000
21.000000
24.000000
23.000000
22.000000
26.000000
24.000000
20.000000
22.000000
23.000000
24.000000
23.000000
37.000000
22.000000
24.000000
24.000000
27.000000
21.000000
22.000000
22.000000
21.000000
22.000000
24.000000
22.000000
24.000000
24.000000
25.000000
23.000000
24.000000
24.000000
24.000000
19.000000
19.000000
22.000000
23.000000
24.000000
24.000000
23.000000
24.000000
26.000000
22.000000
22.000000
22.000000
22.000000
24.000000
24.000000
22.000000
23.000000
22.000000
24.000000
22.000000
21.000000
24.000000
23.000000
22.000000
29.000000
24.000000
24.000000
39.000000
24.000000
28.000000
24.000000
24.000000
22.000000
22.000000
23.000000
22.000000
22.000000
22.000000
24.000000
33.000000
24.000000
25.000000
23.000000
24.000000
24.000000
24.000000
24.000000
25.000000
25.000000
25.000000
20.000000
20.000000
19.000000
19.000000
20.000000
19.000000
19.000000
21.000000
18.000000
17.000000
20.000000
18.000000
19.000000
25.000000
23.000000
20.000000
24.000000
25.000000
21.000000
21.000000
26.000000
21.000000
19.000000
21.000000
23.000000
24.000000
19.000000
19.000000
21.000000
19.000000
22.000000
21.000000
19.000000
19.000000
20.000000
19.000000
34.000000
18.000000
18.000000
22.000000
21.000000
21.000000
20.000000
19.000000
20.000000
27.000000
19.000000
19.000000
47.000000
22.000000
21.000000
393.000000
296.000000
289.000000
295.000000
21.000000
18.000000
18.000000
18.000000
21.000000
1340.000000
20.000000
13.000000
17.000000
13.000000
12.000000
12.000000
19.000000
14.000000
16.000000
17.000000
3674.000000
17.000000
18.000000
18.000000
18.000000
16108.000000
19.000000
11.000000
12.000000
14.000000
15.000000
16.000000
11.000000
10.000000
14.000000
11594.000000
21.000000
11.000000
10.000000
11.000000
10.000000
15.000000
11.000000
1223.000000
133.000000
72.000000
2618.000000
16.000000
15.000000
14.000000
18.000000
15048.000000
26.000000
16.000000
13.000000
17.000000
14.000000
17.000000
22.000000
19.000000
18.000000
25.000000
25.000000
15697.000000
24.000000
25.000000
19.000000
26.000000
19.000000
19.000000
19.000000
19.000000
28.000000
25.000000
19.000000
19.000000
19.000000
19.000000
18.000000
19.000000
19.000000
20.000000
18.000000
11.000000
15.000000
11.000000
11.000000
11.000000
14.000000
14.000000
14.000000
21.000000
20.000000
5532.000000
38.000000
26.000000
29.000000
15.000000
26678.000000
41.000000
18.000000
19.000000
59331.000000
58685.000000
29.000000
31071.000000
63798.000000
62911.000000
67246.000000
31738.000000
94848.000000
30.000000
6472.000000
64342.000000
60265.000000
63510.000000
57635.000000
28.000000
32.000000
21.000000
21.000000
21341.000000
12.000000
32943.000000
120390.000000
58077.000000
63647.000000
30965.000000
34115.000000
31022.000000
703.000000
13.000000
28074.000000
61300.000000
44.000000
23.000000
28.000000
126816.000000
64552.000000
31.000000
28.000000
2567.000000
89259.000000
65659.000000
30062.000000
22.000000
29688.000000
25794.000000
33.000000
2154.000000
100260.000000
101869.000000
89647.000000
124453.000000
126505.000000
61950.000000
18.000000
18.000000
62383.000000
67543.000000
92130.000000
66943.000000
84246.000000
98454.000000
62363.000000
35987.000000
23864.000000
27.000000
2349.000000
35876.000000
31865.000000
29663.000000
19.000000
61744.000000
1817.000000
69533.000000
89053.000000
85626.000000
65732.000000
97812.000000
91971.000000
87721.000000
94710.000000
62639.000000
34269.000000
98472.000000
125338.000000
191198.000000
62210.000000
38454.000000
39.000000
22841.000000
64198.000000
152110.000000
2247.000000
92977.000000
124038.000000
31309.000000
32057.000000
541.000000
17.000000
989.000000
38.000000
10.000000
31169.000000
63139.000000
48.000000
63540.000000
30.000000
64488.000000
33018.000000
63930.000000
63615.000000
93298.000000
121177.000000
119426.000000
33619.000000
28.000000
18.000000
33574.000000
27009.000000
88825.000000
14.000000
32057.000000
29.000000
70412.000000
1462.000000
29396.000000
17.000000
48.000000
14.000000
67344.000000
1882.000000
68867.000000
92071.000000
63406.000000
41.000000
42.000000
1965.000000
34.000000
26762.000000
27963.000000
13.000000
59949.000000
158921.000000
95001.000000
95098.000000
35957.000000
36083.000000
29297.000000
7690.000000
3117.000000
2103.000000
72094.000000
62817.000000
63611.000000
62381.000000
65717.000000
65631.000000
90713.000000
82349.000000
64125.000000
94648.000000
87289.000000
59985.000000
67071.000000
85299.000000
64889.000000
64865.000000
64917.000000
64705.000000
65143.000000
76219.000000
4388.000000
10.000000
29737.000000
2244.000000
30552.000000
30560.000000
14.000000
26.000000
24102.000000
10486.000000
67749.000000
71459.000000
38091.000000
65440.000000
126907.000000
156632.000000
67468.000000
74411.000000
64954.000000
27796.000000
67333.000000
94190.000000
130603.000000
124910.000000
66109.000000
84546.000000
35270.000000
93646.000000
62900.000000
58928.000000
31830.000000
34935.000000
21.000000
64113.000000
34038.000000
32497.000000
31783.000000
33740.000000
133148.000000
119071.000000
53445.000000
94433.000000
62942.000000
30765.000000
26256.000000
25.000000
70381.000000
63567.000000
65287.000000
64526.000000
93932.000000
92966.000000
84933.000000
70597.000000
91085.000000
28895.000000
96.000000
42.000000
33865.000000
31569.000000
55705.000000
37998.000000
33.000000
37575.000000
38.000000
68334.000000
42079.000000
33314.000000
65284.000000
18.000000
25106.000000
61127.000000
60036.000000
62874.000000
63467.000000
95182.000000
87953.000000
64233.000000
68355.000000
33863.000000
57061.000000
24.000000
63960.000000
65033.000000
31820.000000
20.000000
21.000000
19.000000
30819.000000
34.000000
21.000000
12.000000
28.000000
29.000000
58322.000000
65794.000000
63123.000000
60654.000000
1273.000000
46.000000
23.000000
28.000000
63955.000000
64413.000000
87005.000000
60931.000000
64310.000000
63607.000000
11.000000
15.000000
2834.000000
72744.000000
72101.000000
33309.000000
31004.000000
29288.000000
25154.000000
23.000000
32121.000000
1793.000000
72608.000000
32285.000000
26250.000000
66465.000000
69028.000000
94512.000000
90605.000000
56953.000000
32570.000000
26972.000000
31231.000000
