20.000000
20.000000
20.000000
22.000000
22.000000
20.000000
21.000000
20.000000
20.000000
20.000000
20.000000
21.000000
20.000000
20.000000
20.000000
20.000000
20.000000
19.000000
19.000000
20.000000
20.000000
20.000000
20.000000
20.000000
20.000000
19.000000
19.000000
20.000000
20.000000
19.000000
27.000000
19.000000
19.000000
19.000000
20.000000
20.000000
21.000000
19.000000
20.000000
20.000000
20.000000
20.000000
20.000000
19.000000
20.000000
19.000000
20.000000
19.000000
20.000000
20.000000
20.000000
20.000000
19.000000
20.000000
20.000000
20.000000
20.000000
19.000000
20.000000
20.000000
20.000000
20.000000
20.000000
19.000000
22.000000
20.000000
20.000000
20.000000
20.000000
21.000000
20.000000
19.000000
20.000000
20.000000
20.000000
19.000000
19.000000
19.000000
20.000000
20.000000
20.000000
19.000000
20.000000
20.000000
19.000000
20.000000
27.000000
20.000000
20.000000
19.000000
20.000000
26.000000
20.000000
20.000000
20.000000
20.000000
19.000000
19.000000
20.000000
21.000000
20.000000
20.000000
20.000000
20.000000
20.000000
20.000000
19.000000
20.000000
20.000000
23.000000
21.000000
20.000000
19.000000
20.000000
19.000000
27.000000
20.000000
20.000000
19.000000
21.000000
19.000000
20.000000
21.000000
20.000000
20.000000
20.000000
20.000000
21.000000
20.000000
20.000000
21.000000
21.000000
19.000000
20.000000
20.000000
20.000000
19.000000
20.000000
20.000000
20.000000
20.000000
19.000000
18.000000
20.000000
20.000000
20.000000
21.000000
20.000000
20.000000
21.000000
19.000000
20.000000
20.000000
20.000000
21.000000
19.000000
20.000000
20.000000
19.000000
20.000000
20.000000
20.000000
20.000000
19.000000
20.000000
20.000000
20.000000
20.000000
20.000000
20.000000
20.000000
21.000000
20.000000
21.000000
19.000000
20.000000
20.000000
20.000000
20.000000
20.000000
20.000000
21.000000
20.000000
21.000000
20.000000
20.000000
20.000000
19.000000
20.000000
19.000000
20.000000
18.000000
21.000000
27.000000
20.000000
20.000000
20.000000
20.000000
20.000000
20.000000
21.000000
20.000000
20.000000
20.000000
20.000000
20.000000
20.000000
19.000000
20.000000
20.000000
21.000000
20.000000
20.000000
22.000000
20.000000
19.000000
20.000000
20.000000
20.000000
20.000000
21.000000
19.000000
19.000000
20.000000
20.000000
20.000000
20.000000
20.000000
20.000000
23.000000
20.000000
20.000000
20.000000
20.000000
20.000000
20.000000
21.000000
20.000000
20.000000
19.000000
20.000000
20.000000
20.000000
19.000000
20.000000
18.000000
20.000000
20.000000
20.000000
20.000000
19.000000
20.000000
20.000000
20.000000
20.000000
20.000000
19.000000
20.000000
20.000000
20.000000
21.000000
20.000000
19.000000
20.000000
20.000000
20.000000
19.000000
19.000000
19.000000
19.000000
19.000000
19.000000
19.000000
19.000000
19.000000
20.000000
19.000000
19.000000
18.000000
19.000000
18.000000
19.000000
25.000000
20.000000
20.000000
18.000000
19.000000
20.000000
20.000000
19.000000
19.000000
19.000000
21.000000
20.000000
18.000000
23.000000
20.000000
20.000000
20.000000
20.000000
20.000000
21.000000
19.000000
19.000000
19.000000
24.000000
19.000000
19.000000
19.000000
18.000000
19.000000
24.000000
21.000000
26.000000
19.000000
19.000000
19.000000
21.000000
21.000000
20.000000
19.000000
19.000000
36.000000
17.000000
20.000000
19.000000
19.000000
19.000000
21.000000
19.000000
24.000000
23.000000
20.000000
21.000000
19.000000
21.000000
21.000000
21.000000
19.000000
22.000000
20.000000
20.000000
22.000000
21.000000
19.000000
19.000000
20.000000
19.000000
22.000000
37.000000
20.000000
21.000000
20.000000
32.000000
19.000000
21.000000
19.000000
23.000000
19.000000
25.000000
21.000000
20.000000
25.000000
19.000000
20.000000
20.000000
20.000000
20.000000
22.000000
19.000000
20.000000
22.000000
22.000000
27.000000
19.000000
19.000000
20.000000
22.000000
23.000000
19.000000
19.000000
20.000000
20.000000
23.000000
19.000000
20.000000
23.000000
19.000000
22.000000
17.000000
22.000000
22.000000
26.000000
21.000000
21.000000
18.000000
21.000000
21.000000
21.000000
577.000000
20.000000
22.000000
23.000000
24.000000
20.000000
20.000000
20.000000
20.000000
19.000000
19.000000
21.000000
20.000000
20.000000
20.000000
20.000000
20.000000
22.000000
20.000000
20.000000
20.000000
19.000000
20.000000
20.000000
19.000000
20.000000
20.000000
20.000000
20.000000
20.000000
20.000000
20.000000
20.000000
20.000000
20.000000
20.000000
25.000000
20.000000
20.000000
20.000000
20.000000
19.000000
20.000000
20.000000
20.000000
20.000000
20.000000
19.000000
20.000000
19.000000
20.000000
20.000000
19.000000
19.000000
20.000000
19.000000
20.000000
20.000000
20.000000
20.000000
20.000000
20.000000
20.000000
20.000000
20.000000
20.000000
27.000000
20.000000
20.000000
19.000000
20.000000
20.000000
21.000000
20.000000
20.000000
20.000000
19.000000
20.000000
21.000000
21.000000
19.000000
20.000000
20.000000
20.000000
20.000000
20.000000
20.000000
20.000000
20.000000
20.000000
20.000000
19.000000
19.000000
20.000000
20.000000
20.000000
20.000000
20.000000
20.000000
20.000000
20.000000
20.000000
20.000000
20.000000
20.000000
20.000000
20.000000
19.000000
20.000000
20.000000
19.000000
20.000000
21.000000
20.000000
20.000000
624.000000
519.000000
21.000000
21.000000
19.000000
22.000000
21.000000
20.000000
19.000000
20.000000
20.000000
20.000000
20.000000
20.000000
20.000000
19.000000
19.000000
20.000000
19.000000
20.000000
26.000000
26.000000
20.000000
20.000000
20.000000
19.000000
20.000000
19.000000
26.000000
20.000000
19.000000
19.000000
20.000000
19.000000
19.000000
20.000000
20.000000
20.000000
20.000000
20.000000
21.000000
20.000000
19.000000
20.000000
20.000000
18.000000
19.000000
20.000000
20.000000
20.000000
20.000000
20.000000
20.000000
19.000000
20.000000
20.000000
19.000000
19.000000
20.000000
20.000000
20.000000
20.000000
27.000000
21.000000
19.000000
20.000000
19.000000
19.000000
20.000000
20.000000
20.000000
20.000000
20.000000
22.000000
19.000000
19.000000
26.000000
27.000000
20.000000
26.000000
20.000000
19.000000
20.000000
20.000000
20.000000
20.000000
20.000000
20.000000
20.000000
19.000000
19.000000
20.000000
19.000000
20.000000
20.000000
20.000000
20.000000
20.000000
20.000000
26.000000
20.000000
19.000000
27.000000
19.000000
20.000000
20.000000
20.000000
20.000000
20.000000
20.000000
20.000000
20.000000
20.000000
20.000000
20.000000
20.000000
20.000000
19.000000
20.000000
20.000000
18.000000
20.000000
20.000000
19.000000
20.000000
20.000000
3355.000000
600.000000
20.000000
18.000000
19.000000
20.000000
21.000000
20.000000
20.000000
20.000000
20.000000
21.000000
19.000000
20.000000
20.000000
20.000000
21.000000
21.000000
19.000000
20.000000
21.000000
20.000000
17.000000
17.000000
17.000000
20.000000
20.000000
20.000000
20.000000
20.000000
19.000000
20.000000
20.000000
19.000000
37.000000
19.000000
20.000000
20.000000
20.000000
19.000000
20.000000
19.000000
19.000000
20.000000
19.000000
19.000000
20.000000
20.000000
19.000000
20.000000
20.000000
19.000000
19.000000
20.000000
19.000000
20.000000
19.000000
20.000000
19.000000
20.000000
20.000000
20.000000
20.000000
19.000000
20.000000
19.000000
20.000000
19.000000
19.000000
20.000000
19.000000
19.000000
19.000000
20.000000
20.000000
20.000000
19.000000
20.000000
19.000000
20.000000
19.000000
19.000000
19.000000
19.000000
19.000000
20.000000
19.000000
19.000000
19.000000
19.000000
18.000000
19.000000
19.000000
19.000000
19.000000
25.000000
20.000000
20.000000
20.000000
20.000000
19.000000
19.000000
20.000000
26.000000
20.000000
819.000000
20.000000
20.000000
20.000000
19.000000
20.000000
24.000000
20.000000
20.000000
21.000000
20.000000
26.000000
19.000000
20.000000
20.000000
27.000000
20.000000
18.000000
19.000000
26.000000
20.000000
19.000000
20.000000
26.000000
19.000000
19.000000
20.000000
1465.000000
1465.000000
495.000000
771.000000
355.000000
22.000000
19.000000
19.000000
2927.000000
21.000000
20.000000
21.000000
20.000000
17.000000
19.000000
18.000000
25.000000
21.000000
12.000000
20.000000
21.000000
20.000000
20.000000
20.000000
20.000000
19.000000
20.000000
20.000000
19.000000
12.000000
20.000000
15.000000
16.000000
13.000000
13.000000
20.000000
20.000000
33.000000
18.000000
20.000000
10.000000
10.000000
10.000000
13.000000
12.000000
34.000000
25.000000
14.000000
9523.000000
18.000000
26.000000
12.000000
10.000000
2125.000000
13.000000
12374.000000
17.000000
19704.000000
19.000000
19.000000
19.000000
19.000000
26.000000
20.000000
19.000000
29.000000
161650.000000
193846.000000
175925.000000
148882.000000
177991.000000
192764.000000
196459.000000
170485.000000
159615.000000
158566.000000
163319.000000
147911.000000
157336.000000
154817.000000
179894.000000
154334.000000
137302.000000
135351.000000
168768.000000
165390.000000
153656.000000
142456.000000
133653.000000
166060.000000
145440.000000
146551.000000
164204.000000
190426.000000
189565.000000
190677.000000
188576.000000
173428.000000
207273.000000
184331.000000
