54.000000
54.000000
54.000000
55.000000
54.000000
54.000000
55.000000
54.000000
58.000000
54.000000
57.000000
55.000000
54.000000
54.000000
55.000000
54.000000
54.000000
54.000000
54.000000
54.000000
54.000000
54.000000
54.000000
55.000000
54.000000
54.000000
54.000000
54.000000
54.000000
54.000000
54.000000
54.000000
54.000000
54.000000
54.000000
54.000000
55.000000
54.000000
54.000000
55.000000
54.000000
54.000000
54.000000
57.000000
55.000000
54.000000
54.000000
57.000000
54.000000
54.000000
54.000000
55.000000
54.000000
4037.000000
54.000000
58.000000
54.000000
55.000000
57.000000
54.000000
54.000000
57.000000
54.000000
54.000000
55.000000
54.000000
55.000000
54.000000
54.000000
55.000000
54.000000
54.000000
54.000000
54.000000
54.000000
54.000000
54.000000
54.000000
54.000000
54.000000
54.000000
54.000000
54.000000
54.000000
54.000000
54.000000
54.000000
57.000000
54.000000
55.000000
57.000000
55.000000
54.000000
54.000000
54.000000
54.000000
54.000000
54.000000
54.000000
54.000000
54.000000
54.000000
57.000000
54.000000
54.000000
57.000000
54.000000
57.000000
54.000000
57.000000
54.000000
54.000000
55.000000
54.000000
54.000000
57.000000
54.000000
54.000000
54.000000
54.000000
54.000000
57.000000
54.000000
4033.000000
54.000000
54.000000
54.000000
54.000000
54.000000
54.000000
54.000000
54.000000
54.000000
54.000000
54.000000
57.000000
54.000000
54.000000
54.000000
54.000000
54.000000
54.000000
54.000000
55.000000
54.000000
54.000000
57.000000
54.000000
54.000000
54.000000
54.000000
54.000000
4036.000000
54.000000
54.000000
57.000000
54.000000
54.000000
54.000000
54.000000
54.000000
54.000000
55.000000
54.000000
54.000000
54.000000
54.000000
54.000000
54.000000
54.000000
57.000000
55.000000
54.000000
54.000000
4040.000000
57.000000
54.000000
54.000000
55.000000
54.000000
54.000000
54.000000
55.000000
54.000000
54.000000
4033.000000
54.000000
54.000000
54.000000
54.000000
54.000000
54.000000
55.000000
54.000000
54.000000
54.000000
54.000000
54.000000
55.000000
54.000000
55.000000
54.000000
55.000000
54.000000
54.000000
54.000000
54.000000
55.000000
54.000000
54.000000
54.000000
54.000000
55.000000
58.000000
4028.000000
57.000000
54.000000
54.000000
54.000000
54.000000
54.000000
54.000000
55.000000
54.000000
54.000000
55.000000
54.000000
54.000000
54.000000
4055.000000
54.000000
54.000000
54.000000
54.000000
54.000000
55.000000
57.000000
55.000000
57.000000
57.000000
54.000000
55.000000
54.000000
54.000000
54.000000
54.000000
57.000000
54.000000
54.000000
54.000000
54.000000
54.000000
54.000000
54.000000
54.000000
54.000000
54.000000
55.000000
55.000000
54.000000
54.000000
54.000000
54.000000
54.000000
4033.000000
54.000000
54.000000
54.000000
54.000000
4019.000000
57.000000
54.000000
54.000000
54.000000
4028.000000
54.000000
55.000000
54.000000
55.000000
54.000000
54.000000
54.000000
54.000000
54.000000
54.000000
54.000000
54.000000
57.000000
54.000000
54.000000
55.000000
54.000000
54.000000
54.000000
57.000000
54.000000
54.000000
54.000000
54.000000
54.000000
54.000000
57.000000
54.000000
55.000000
54.000000
57.000000
54.000000
54.000000
4026.000000
54.000000
54.000000
54.000000
55.000000
54.000000
54.000000
54.000000
54.000000
54.000000
54.000000
54.000000
54.000000
54.000000
54.000000
57.000000
54.000000
54.000000
54.000000
54.000000
54.000000
54.000000
54.000000
54.000000
54.000000
57.000000
54.000000
54.000000
54.000000
54.000000
54.000000
54.000000
54.000000
55.000000
54.000000
54.000000
54.000000
54.000000
54.000000
57.000000
4044.000000
54.000000
54.000000
55.000000
54.000000
54.000000
54.000000
54.000000
54.000000
54.000000
54.000000
54.000000
54.000000
57.000000
54.000000
54.000000
54.000000
54.000000
57.000000
57.000000
54.000000
57.000000
54.000000
54.000000
54.000000
54.000000
54.000000
54.000000
54.000000
54.000000
57.000000
54.000000
54.000000
54.000000
54.000000
54.000000
54.000000
55.000000
54.000000
54.000000
54.000000
54.000000
54.000000
54.000000
57.000000
54.000000
55.000000
58.000000
58.000000
54.000000
54.000000
54.000000
4038.000000
54.000000
54.000000
54.000000
57.000000
54.000000
54.000000
54.000000
54.000000
57.000000
54.000000
54.000000
54.000000
54.000000
54.000000
54.000000
54.000000
54.000000
55.000000
54.000000
54.000000
685.000000
111.000000
111.000000
110.000000
111.000000
108.000000
111.000000
107.000000
54.000000
54.000000
54.000000
54.000000
111.000000
108.000000
108.000000
54.000000
54.000000
54.000000
54.000000
54.000000
54.000000
54.000000
54.000000
54.000000
110.000000
107.000000
108.000000
108.000000
108.000000
111.000000
109.000000
110.000000
107.000000
107.000000
55.000000
54.000000
54.000000
54.000000
54.000000
107.000000
107.000000
108.000000
54.000000
54.000000
114.000000
108.000000
108.000000
57.000000
54.000000
54.000000
55.000000
54.000000
54.000000
57.000000
57.000000
54.000000
57.000000
54.000000
54.000000
54.000000
54.000000
108.000000
54.000000
55.000000
54.000000
57.000000
54.000000
54.000000
54.000000
54.000000
110.000000
110.000000
108.000000
111.000000
108.000000
107.000000
108.000000
111.000000
111.000000
108.000000
108.000000
107.000000
108.000000
108.000000
108.000000
108.000000
107.000000
108.000000
107.000000
108.000000
108.000000
108.000000
107.000000
110.000000
108.000000
108.000000
108.000000
109.000000
107.000000
108.000000
109.000000
110.000000
108.000000
108.000000
108.000000
108.000000
108.000000
108.000000
110.000000
108.000000
107.000000
108.000000
108.000000
108.000000
107.000000
108.000000
108.000000
108.000000
111.000000
108.000000
111.000000
107.000000
111.000000
111.000000
108.000000
111.000000
108.000000
108.000000
111.000000
108.000000
110.000000
108.000000
108.000000
113.000000
107.000000
110.000000
108.000000
111.000000
108.000000
108.000000
108.000000
107.000000
108.000000
107.000000
92199.000000
108.000000
108.000000
108.000000
108.000000
108.000000
108.000000
109.000000
113.000000
107.000000
107.000000
107.000000
111.000000
108.000000
107.000000
111.000000
111.000000
108.000000
108.000000
54.000000
54.000000
54.000000
54.000000
108.000000
111.000000
108.000000
107.000000
108.000000
108.000000
107.000000
108.000000
108.000000
54.000000
54.000000
55.000000
54.000000
55.000000
55.000000
57.000000
54.000000
54.000000
108.000000
107.000000
108.000000
108.000000
111.000000
108.000000
109.000000
108.000000
108.000000
108.000000
108.000000
110.000000
55.000000
54.000000
66.000000
57.000000
55.000000
54.000000
54.000000
54.000000
54.000000
54.000000
54.000000
54.000000
54.000000
54.000000
54.000000
55.000000
108.000000
107.000000
108.000000
108.000000
158.000000
111.000000
108.000000
110.000000
108.000000
108.000000
108.000000
108.000000
54.000000
54.000000
54.000000
55.000000
54.000000
54.000000
57.000000
111.000000
108.000000
108.000000
108.000000
108.000000
108.000000
108.000000
107.000000
109.000000
109.000000
110.000000
108.000000
108.000000
110.000000
111.000000
111.000000
110.000000
108.000000
108.000000
108.000000
107.000000
113.000000
108.000000
112.000000
111.000000
108.000000
54.000000
57.000000
57.000000
54.000000
54.000000
54.000000
54.000000
54.000000
54.000000
54.000000
108.000000
108.000000
108.000000
112.000000
107.000000
108.000000
108.000000
108.000000
110.000000
107.000000
111.000000
108.000000
57.000000
57.000000
55.000000
108.000000
108.000000
114.000000
55.000000
54.000000
54.000000
107.000000
110.000000
54.000000
54.000000
57.000000
55.000000
54.000000
54.000000
54.000000
54.000000
108.000000
108.000000
107.000000
108.000000
108.000000
54.000000
54.000000
57.000000
111.000000
107.000000
107.000000
110.000000
109.000000
108.000000
107.000000
108.000000
111.000000
111.000000
108.000000
57.000000
57.000000
54.000000
54.000000
54.000000
54.000000
55.000000
54.000000
108.000000
108.000000
108.000000
108.000000
108.000000
107.000000
108.000000
108.000000
110.000000
111.000000
108.000000
107.000000
107.000000
108.000000
54.000000
54.000000
54.000000
54.000000
54.000000
54.000000
57.000000
57.000000
55.000000
55.000000
54.000000
108.000000
111.000000
107.000000
107.000000
111.000000
162.000000
164.000000
161.000000
161.000000
164.000000
164.000000
162.000000
114.000000
163.000000
164.000000
108.000000
107.000000
110.000000
108.000000
108.000000
107.000000
107.000000
108.000000
108.000000
108.000000
108.000000
108.000000
162.000000
161.000000
165.000000
162.000000
164.000000
161.000000
161.000000
162.000000
164.000000
161.000000
161.000000
170.000000
164.000000
164.000000
164.000000
108.000000
108.000000
108.000000
108.000000
161.000000
108.000000
57.000000
54.000000
55.000000
108.000000
171.000000
165.000000
216.000000
161.000000
164.000000
161.000000
110.000000
111.000000
107.000000
110.000000
110.000000
108.000000
107.000000
161.000000
161.000000
161.000000
165.000000
164.000000
164.000000
161.000000
108.000000
108.000000
108.000000
107.000000
107.000000
111.000000
162.000000
161.000000
162.000000
161.000000
161.000000
108.000000
108.000000
162.000000
161.000000
165.000000
163.000000
161.000000
162.000000
161.000000
219.000000
161.000000
161.000000
161.000000
161.000000
108.000000
107.000000
161.000000
111.000000
108.000000
54.000000
55.000000
54.000000
54.000000
55.000000
54.000000
109.000000
108.000000
107.000000
108.000000
108.000000
160.000000
161.000000
108.000000
108.000000
111.000000
111.000000
162.000000
108.000000
108.000000
108.000000
108.000000
161.000000
164.000000
164.000000
161.000000
163.000000
161.000000
164.000000
161.000000
162.000000
161.000000
161.000000
110.000000
110.000000
107.000000
108.000000
107.000000
54.000000
57.000000
57.000000
57.000000
107.000000
108.000000
108.000000
108.000000
107.000000
108.000000
111.000000
107.000000
161.000000
164.000000
164.000000
220.000000
162.000000
161.000000
107.000000
107.000000
107.000000
108.000000
108.000000
111.000000
107.000000
108.000000
108.000000
111.000000
108.000000
111.000000
108.000000
108.000000
162.000000
161.000000
107.000000
111.000000
107.000000
107.000000
108.000000
108.000000
159.000000
107.000000
108.000000
110.000000
107.000000
107.000000
164.000000
161.000000
161.000000
108.000000
107.000000
107.000000
164.000000
161.000000
57.000000
54.000000
54.000000
111.000000
108.000000
107.000000
108.000000
107.000000
108.000000
54.000000
54.000000
54.000000
108.000000
110.000000
55.000000
54.000000
108.000000
107.000000
107.000000
107.000000
107.000000
109.000000
107.000000
161.000000
161.000000
108.000000
108.000000
107.000000
162.000000
164.000000
161.000000
108.000000
108.000000
108.000000
111.000000
108.000000
108.000000
111.000000
108.000000
161.000000
161.000000
164.000000
161.000000
164.000000
161.000000
160.000000
161.000000
161.000000
110.000000
161.000000
164.000000
112.000000
108.000000
164.000000
161.000000
161.000000
161.000000
161.000000
161.000000
161.000000
161.000000
161.000000
160.000000
108.000000
108.000000
108.000000
107.000000
107.000000
107.000000
108.000000
110.000000
108.000000
111.000000
164.000000
161.000000
161.000000
164.000000
162.000000
108.000000
54.000000
54.000000
161.000000
164.000000
164.000000
164.000000
54.000000
54.000000
55.000000
57.000000
54.000000
164.000000
161.000000
161.000000
164.000000
54.000000
58.000000
55.000000
54.000000
111.000000
111.000000
161.000000
107.000000
55.000000
54.000000
54.000000
108.000000
110.000000
164.000000
164.000000
163.000000
165.000000
161.000000
160.000000
164.000000
164.000000
161.000000
160.000000
108.000000
107.000000
108.000000
54.000000
54.000000
167.000000
163.000000
161.000000
163.000000
161.000000
165.000000
164.000000
161.000000
158.000000
162.000000
161.000000
164.000000
161.000000
164.000000
161.000000
163.000000
161.000000
161.000000
161.000000
164.000000
161.000000
161.000000
161.000000
161.000000
164.000000
161.000000
167.000000
165.000000
164.000000
164.000000
212.000000
167.000000
161.000000
108.000000
107.000000
107.000000
111.000000
54.000000
108.000000
108.000000
107.000000
54.000000
54.000000
54.000000
54.000000
111.000000
108.000000
163.000000
110.000000
108.000000
108.000000
108.000000
114.000000
108.000000
54.000000
54.000000
54.000000
54.000000
54.000000
54.000000
54.000000
55.000000
107.000000
161.000000
162.000000
122.000000
161.000000
161.000000
164.000000
161.000000
161.000000
163.000000
161.000000
108.000000
111.000000
54.000000
108.000000
108.000000
108.000000
108.000000
108.000000
108.000000
163.000000
165.000000
164.000000
161.000000
161.000000
161.000000
161.000000
162.000000
161.000000
161.000000
161.000000
162.000000
161.000000
161.000000
161.000000
161.000000
161.000000
161.000000
161.000000
115.000000
164.000000
200.000000
108.000000
108.000000
54.000000
54.000000
54.000000
107.000000
110.000000
107.000000
108.000000
108.000000
108.000000
108.000000
55.000000
54.000000
54.000000
54.000000
111.000000
108.000000
108.000000
55.000000
54.000000
4067.000000
108.000000
108.000000
4069.000000
161.000000
164.000000
164.000000
161.000000
163.000000
161.000000
161.000000
164.000000
161.000000
161.000000
166.000000
161.000000
161.000000
107.000000
108.000000
107.000000
161.000000
161.000000
164.000000
161.000000
161.000000
107.000000
107.000000
108.000000
107.000000
107.000000
108.000000
161.000000
192.000000
161.000000
164.000000
161.000000
164.000000
161.000000
164.000000
161.000000
161.000000
165.000000
108.000000
108.000000
108.000000
108.000000
108.000000
54.000000
54.000000
107.000000
110.000000
161.000000
162.000000
167.000000
111.000000
108.000000
108.000000
108.000000
111.000000
107.000000
164.000000
162.000000
161.000000
162.000000
161.000000
163.000000
164.000000
110.000000
108.000000
107.000000
109.000000
108.000000
54.000000
107.000000
722.000000
107.000000
108.000000
108.000000
54.000000
55.000000
54.000000
108.000000
108.000000
108.000000
108.000000
108.000000
164.000000
160.000000
164.000000
164.000000
164.000000
161.000000
161.000000
161.000000
164.000000
108.000000
107.000000
107.000000
111.000000
107.000000
164.000000
54.000000
161.000000
161.000000
164.000000
161.000000
161.000000
161.000000
161.000000
164.000000
161.000000
163.000000
162.000000
161.000000
161.000000
164.000000
109.000000
110.000000
107.000000
107.000000
108.000000
108.000000
164.000000
161.000000
107.000000
108.000000
54.000000
54.000000
161.000000
113.000000
161.000000
162.000000
161.000000
108.000000
108.000000
107.000000
107.000000
170.000000
161.000000
161.000000
161.000000
161.000000
161.000000
165.000000
161.000000
161.000000
164.000000
164.000000
161.000000
161.000000
161.000000
161.000000
161.000000
164.000000
161.000000
161.000000
212.000000
212.000000
165.000000
164.000000
161.000000
162.000000
167.000000
165.000000
167.000000
166.000000
108.000000
111.000000
107.000000
107.000000
108.000000
107.000000
108.000000
108.000000
161.000000
161.000000
164.000000
164.000000
164.000000
57.000000
54.000000
54.000000
54.000000
107.000000
108.000000
107.000000
107.000000
107.000000
161.000000
164.000000
163.000000
107.000000
109.000000
108.000000
107.000000
108.000000
159.000000
107.000000
107.000000
161.000000
161.000000
164.000000
164.000000
167.000000
161.000000
161.000000
161.000000
162.000000
161.000000
161.000000
127.000000
161.000000
164.000000
162.000000
161.000000
161.000000
162.000000
108.000000
107.000000
55.000000
55.000000
54.000000
54.000000
57.000000
55.000000
161.000000
161.000000
164.000000
164.000000
161.000000
161.000000
161.000000
164.000000
161.000000
114.000000
161.000000
161.000000
108.000000
111.000000
107.000000
108.000000
107.000000
161.000000
107.000000
54.000000
159.000000
107.000000
107.000000
108.000000
108.000000
107.000000
115.000000
164.000000
162.000000
161.000000
161.000000
161.000000
162.000000
162.000000
161.000000
162.000000
111.000000
111.000000
108.000000
110.000000
110.000000
162.000000
162.000000
162.000000
161.000000
161.000000
162.000000
161.000000
162.000000
161.000000
162.000000
141.000000
161.000000
164.000000
161.000000
108.000000
108.000000
108.000000
60.000000
161.000000
161.000000
161.000000
161.000000
164.000000
164.000000
161.000000
110.000000
107.000000
107.000000
161.000000
108.000000
108.000000
108.000000
162.000000
164.000000
161.000000
161.000000
161.000000
164.000000
162.000000
164.000000
161.000000
161.000000
107.000000
111.000000
108.000000
108.000000
108.000000
162.000000
161.000000
110.000000
107.000000
159.000000
108.000000
54.000000
160.000000
161.000000
162.000000
161.000000
161.000000
161.000000
161.000000
164.000000
161.000000
159.000000
111.000000
108.000000
108.000000
108.000000
109.000000
108.000000
108.000000
108.000000
164.000000
161.000000
161.000000
164.000000
164.000000
161.000000
167.000000
161.000000
164.000000
108.000000
108.000000
108.000000
161.000000
161.000000
161.000000
162.000000
161.000000
161.000000
162.000000
161.000000
161.000000
161.000000
164.000000
4117.000000
108.000000
162.000000
108.000000
108.000000
108.000000
108.000000
55.000000
54.000000
164.000000
161.000000
164.000000
164.000000
161.000000
164.000000
161.000000
164.000000
108.000000
108.000000
108.000000
108.000000
111.000000
107.000000
161.000000
212.000000
162.000000
161.000000
161.000000
110.000000
107.000000
4120.000000
54.000000
54.000000
108.000000
54.000000
54.000000
54.000000
54.000000
108.000000
108.000000
107.000000
57.000000
54.000000
108.000000
114.000000
54.000000
108.000000
108.000000
107.000000
171.000000
166.000000
161.000000
161.000000
165.000000
161.000000
164.000000
161.000000
161.000000
161.000000
161.000000
161.000000
161.000000
161.000000
161.000000
161.000000
161.000000
108.000000
110.000000
108.000000
107.000000
108.000000
107.000000
54.000000
107.000000
109.000000
107.000000
108.000000
108.000000
110.000000
108.000000
108.000000
161.000000
161.000000
161.000000
161.000000
111.000000
111.000000
111.000000
113.000000
107.000000
107.000000
111.000000
57.000000
54.000000
54.000000
107.000000
112.000000
108.000000
161.000000
161.000000
164.000000
162.000000
162.000000
162.000000
162.000000
164.000000
164.000000
161.000000
217.000000
108.000000
108.000000
107.000000
108.000000
108.000000
108.000000
54.000000
108.000000
108.000000
107.000000
107.000000
164.000000
161.000000
161.000000
163.000000
161.000000
161.000000
164.000000
164.000000
164.000000
161.000000
162.000000
161.000000
108.000000
108.000000
110.000000
164.000000
161.000000
162.000000
166.000000
164.000000
167.000000
161.000000
161.000000
162.000000
161.000000
167.000000
162.000000
164.000000
164.000000
164.000000
162.000000
108.000000
162.000000
108.000000
110.000000
55.000000
107.000000
110.000000
161.000000
161.000000
107.000000
55.000000
54.000000
54.000000
107.000000
110.000000
108.000000
109.000000
54.000000
54.000000
54.000000
54.000000
54.000000
54.000000
54.000000
8036.000000
107.000000
161.000000
161.000000
107.000000
107.000000
111.000000
108.000000
4077.000000
54.000000
54.000000
57.000000
54.000000
54.000000
111.000000
108.000000
108.000000
108.000000
161.000000
170.000000
108.000000
161.000000
161.000000
161.000000
164.000000
164.000000
161.000000
108.000000
107.000000
110.000000
107.000000
108.000000
108.000000
161.000000
161.000000
161.000000
161.000000
164.000000
161.000000
161.000000
161.000000
161.000000
161.000000
111.000000
161.000000
161.000000
164.000000
107.000000
161.000000
164.000000
162.000000
165.000000
161.000000
162.000000
163.000000
161.000000
164.000000
162.000000
161.000000
161.000000
161.000000
161.000000
107.000000
107.000000
111.000000
107.000000
107.000000
108.000000
107.000000
107.000000
164.000000
165.000000
215.000000
161.000000
161.000000
212.000000
164.000000
161.000000
161.000000
161.000000
164.000000
167.000000
165.000000
161.000000
108.000000
108.000000
108.000000
108.000000
164.000000
163.000000
162.000000
161.000000
54.000000
54.000000
54.000000
54.000000
164.000000
107.000000
162.000000
161.000000
161.000000
161.000000
164.000000
163.000000
165.000000
164.000000
111.000000
108.000000
108.000000
108.000000
107.000000
161.000000
161.000000
161.000000
161.000000
161.000000
161.000000
164.000000
164.000000
164.000000
54.000000
54.000000
54.000000
55.000000
54.000000
57.000000
107.000000
107.000000
108.000000
108.000000
161.000000
161.000000
107.000000
107.000000
108.000000
108.000000
107.000000
108.000000
107.000000
161.000000
161.000000
162.000000
161.000000
161.000000
161.000000
161.000000
162.000000
191.000000
161.000000
161.000000
161.000000
161.000000
161.000000
107.000000
108.000000
108.000000
107.000000
107.000000
161.000000
161.000000
107.000000
54.000000
108.000000
107.000000
108.000000
107.000000
161.000000
161.000000
162.000000
161.000000
162.000000
162.000000
161.000000
108.000000
161.000000
161.000000
161.000000
161.000000
108.000000
108.000000
110.000000
107.000000
110.000000
107.000000
107.000000
162.000000
161.000000
161.000000
162.000000
162.000000
166.000000
161.000000
164.000000
161.000000
161.000000
161.000000
162.000000
161.000000
162.000000
161.000000
161.000000
161.000000
161.000000
164.000000
161.000000
212.000000
161.000000
164.000000
162.000000
107.000000
110.000000
107.000000
111.000000
161.000000
164.000000
161.000000
108.000000
110.000000
54.000000
54.000000
54.000000
54.000000
54.000000
54.000000
107.000000
163.000000
162.000000
161.000000
164.000000
107.000000
107.000000
107.000000
110.000000
107.000000
158.000000
107.000000
158.000000
107.000000
110.000000
107.000000
108.000000
108.000000
108.000000
110.000000
108.000000
108.000000
161.000000
161.000000
161.000000
161.000000
162.000000
161.000000
164.000000
167.000000
162.000000
162.000000
161.000000
165.000000
108.000000
107.000000
111.000000
107.000000
108.000000
3460.000000
108.000000
107.000000
107.000000
107.000000
111.000000
184.000000
161.000000
161.000000
164.000000
161.000000
161.000000
108.000000
107.000000
161.000000
162.000000
139.000000
107.000000
110.000000
111.000000
108.000000
108.000000
107.000000
112.000000
113.000000
161.000000
165.000000
161.000000
112.000000
161.000000
161.000000
108.000000
107.000000
107.000000
108.000000
108.000000
111.000000
107.000000
110.000000
161.000000
162.000000
161.000000
164.000000
161.000000
164.000000
161.000000
161.000000
164.000000
161.000000
164.000000
162.000000
161.000000
164.000000
161.000000
164.000000
161.000000
164.000000
161.000000
161.000000
164.000000
161.000000
164.000000
161.000000
164.000000
161.000000
161.000000
161.000000
161.000000
161.000000
164.000000
164.000000
161.000000
213.000000
164.000000
162.000000
161.000000
107.000000
108.000000
107.000000
55.000000
107.000000
107.000000
107.000000
108.000000
161.000000
161.000000
108.000000
108.000000
108.000000
108.000000
161.000000
161.000000
164.000000
164.000000
161.000000
161.000000
108.000000
108.000000
109.000000
114.000000
108.000000
2457.000000
108.000000
108.000000
108.000000
161.000000
167.000000
165.000000
108.000000
108.000000
108.000000
109.000000
108.000000
108.000000
108.000000
110.000000
107.000000
111.000000
109.000000
114.000000
223.000000
161.000000
161.000000
108.000000
108.000000
58.000000
54.000000
54.000000
54.000000
54.000000
111.000000
108.000000
108.000000
108.000000
108.000000
80.000000
162.000000
162.000000
108.000000
108.000000
108.000000
108.000000
108.000000
161.000000
165.000000
90.000000
165.000000
108.000000
107.000000
107.000000
109.000000
107.000000
107.000000
107.000000
107.000000
161.000000
161.000000
161.000000
111.000000
107.000000
110.000000
107.000000
108.000000
107.000000
110.000000
167.000000
117.000000
161.000000
161.000000
107.000000
163.000000
162.000000
161.000000
161.000000
107.000000
108.000000
107.000000
108.000000
108.000000
107.000000
161.000000
164.000000
161.000000
107.000000
108.000000
108.000000
108.000000
108.000000
110.000000
55.000000
54.000000
54.000000
55.000000
54.000000
108.000000
56.000000
108.000000
162.000000
161.000000
172.000000
161.000000
107.000000
107.000000
107.000000
111.000000
54.000000
55.000000
54.000000
107.000000
108.000000
108.000000
108.000000
161.000000
161.000000
161.000000
165.000000
213.000000
161.000000
164.000000
161.000000
164.000000
161.000000
161.000000
164.000000
162.000000
164.000000
108.000000
108.000000
54.000000
54.000000
54.000000
54.000000
55.000000
218.000000
162.000000
220.000000
111.000000
107.000000
108.000000
163.000000
163.000000
162.000000
161.000000
164.000000
164.000000
161.000000
161.000000
162.000000
107.000000
108.000000
107.000000
108.000000
108.000000
108.000000
161.000000
161.000000
164.000000
164.000000
161.000000
161.000000
108.000000
111.000000
108.000000
108.000000
163.000000
161.000000
161.000000
161.000000
159.000000
108.000000
107.000000
108.000000
108.000000
108.000000
107.000000
164.000000
167.000000
164.000000
161.000000
54.000000
54.000000
54.000000
54.000000
54.000000
54.000000
57.000000
108.000000
161.000000
161.000000
108.000000
108.000000
107.000000
107.000000
108.000000
54.000000
57.000000
54.000000
54.000000
108.000000
108.000000
161.000000
161.000000
164.000000
161.000000
161.000000
161.000000
162.000000
161.000000
164.000000
161.000000
160.000000
161.000000
161.000000
161.000000
162.000000
161.000000
161.000000
161.000000
161.000000
108.000000
108.000000
161.000000
162.000000
161.000000
161.000000
161.000000
164.000000
161.000000
108.000000
108.000000
4088.000000
108.000000
108.000000
107.000000
108.000000
108.000000
107.000000
107.000000
110.000000
161.000000
161.000000
165.000000
161.000000
163.000000
164.000000
161.000000
163.000000
160.000000
108.000000
108.000000
108.000000
111.000000
54.000000
54.000000
4088.000000
109.000000
108.000000
164.000000
161.000000
161.000000
169.000000
108.000000
108.000000
107.000000
108.000000
108.000000
108.000000
107.000000
161.000000
167.000000
108.000000
108.000000
107.000000
107.000000
107.000000
108.000000
107.000000
107.000000
108.000000
107.000000
108.000000
164.000000
161.000000
161.000000
165.000000
161.000000
161.000000
161.000000
107.000000
107.000000
54.000000
55.000000
108.000000
108.000000
161.000000
162.000000
164.000000
161.000000
162.000000
161.000000
162.000000
161.000000
164.000000
161.000000
161.000000
161.000000
108.000000
111.000000
108.000000
107.000000
108.000000
107.000000
161.000000
165.000000
170.000000
161.000000
161.000000
161.000000
160.000000
162.000000
161.000000
161.000000
161.000000
164.000000
161.000000
164.000000
161.000000
161.000000
166.000000
164.000000
167.000000
113.000000
108.000000
4057.000000
110.000000
107.000000
162.000000
161.000000
161.000000
161.000000
161.000000
161.000000
167.000000
161.000000
162.000000
161.000000
161.000000
163.000000
108.000000
108.000000
108.000000
108.000000
110.000000
108.000000
108.000000
161.000000
161.000000
161.000000
161.000000
164.000000
161.000000
107.000000
108.000000
108.000000
4059.000000
107.000000
111.000000
111.000000
107.000000
107.000000
108.000000
111.000000
111.000000
161.000000
164.000000
212.000000
161.000000
161.000000
164.000000
165.000000
107.000000
161.000000
161.000000
162.000000
4128.000000
107.000000
107.000000
164.000000
108.000000
107.000000
107.000000
108.000000
161.000000
164.000000
161.000000
161.000000
164.000000
161.000000
108.000000
108.000000
108.000000
108.000000
107.000000
111.000000
107.000000
161.000000
161.000000
161.000000
164.000000
161.000000
161.000000
218.000000
164.000000
162.000000
54.000000
54.000000
107.000000
108.000000
161.000000
161.000000
163.000000
108.000000
108.000000
110.000000
108.000000
108.000000
4119.000000
107.000000
58.000000
107.000000
108.000000
108.000000
108.000000
108.000000
161.000000
162.000000
161.000000
161.000000
161.000000
164.000000
161.000000
161.000000
107.000000
108.000000
161.000000
161.000000
164.000000
108.000000
108.000000
114.000000
107.000000
107.000000
108.000000
161.000000
166.000000
162.000000
161.000000
164.000000
161.000000
108.000000
108.000000
108.000000
111.000000
108.000000
54.000000
54.000000
91667.000000
111.000000
107.000000
108.000000
107.000000
164.000000
161.000000
161.000000
107.000000
161.000000
161.000000
161.000000
161.000000
161.000000
162.000000
165.000000
54.000000
57.000000
54.000000
57.000000
161.000000
161.000000
161.000000
164.000000
162.000000
164.000000
162.000000
162.000000
167.000000
108.000000
111.000000
108.000000
107.000000
108.000000
110.000000
107.000000
162.000000
162.000000
164.000000
161.000000
161.000000
164.000000
110.000000
108.000000
107.000000
161.000000
111.000000
108.000000
108.000000
54.000000
54.000000
54.000000
54.000000
54.000000
107.000000
108.000000
161.000000
161.000000
111.000000
108.000000
54.000000
54.000000
54.000000
54.000000
108.000000
159.000000
108.000000
110.000000
107.000000
166.000000
161.000000
161.000000
162.000000
161.000000
161.000000
161.000000
161.000000
161.000000
161.000000
161.000000
164.000000
161.000000
109.000000
108.000000
107.000000
107.000000
107.000000
108.000000
108.000000
107.000000
111.000000
108.000000
108.000000
110.000000
107.000000
164.000000
162.000000
164.000000
161.000000
161.000000
162.000000
164.000000
161.000000
161.000000
164.000000
164.000000
161.000000
161.000000
161.000000
160.000000
161.000000
161.000000
161.000000
164.000000
161.000000
161.000000
164.000000
161.000000
161.000000
161.000000
161.000000
161.000000
162.000000
108.000000
161.000000
161.000000
161.000000
161.000000
167.000000
167.000000
161.000000
167.000000
161.000000
161.000000
162.000000
161.000000
107.000000
55.000000
54.000000
54.000000
54.000000
164.000000
161.000000
161.000000
161.000000
164.000000
165.000000
160.000000
161.000000
161.000000
164.000000
161.000000
161.000000
164.000000
161.000000
164.000000
161.000000
161.000000
161.000000
107.000000
108.000000
108.000000
163.000000
161.000000
161.000000
164.000000
162.000000
166.000000
164.000000
161.000000
161.000000
164.000000
164.000000
168.000000
161.000000
108.000000
107.000000
108.000000
107.000000
111.000000
110.000000
113.000000
110.000000
212.000000
161.000000
161.000000
110.000000
161.000000
164.000000
164.000000
161.000000
161.000000
163.000000
167.000000
108.000000
110.000000
110.000000
110.000000
107.000000
54.000000
57.000000
107.000000
108.000000
107.000000
163.000000
164.000000
161.000000
108.000000
54.000000
54.000000
161.000000
161.000000
161.000000
108.000000
110.000000
108.000000
107.000000
108.000000
108.000000
108.000000
108.000000
107.000000
164.000000
161.000000
164.000000
161.000000
161.000000
162.000000
161.000000
167.000000
163.000000
161.000000
161.000000
161.000000
161.000000
161.000000
161.000000
161.000000
162.000000
164.000000
161.000000
161.000000
164.000000
164.000000
161.000000
212.000000
161.000000
164.000000
163.000000
160.000000
161.000000
161.000000
161.000000
161.000000
161.000000
163.000000
161.000000
161.000000
167.000000
161.000000
162.000000
161.000000
163.000000
161.000000
161.000000
164.000000
161.000000
164.000000
164.000000
162.000000
161.000000
161.000000
164.000000
161.000000
111.000000
108.000000
161.000000
111.000000
54.000000
54.000000
55.000000
107.000000
54.000000
54.000000
108.000000
108.000000
108.000000
164.000000
160.000000
161.000000
161.000000
161.000000
161.000000
161.000000
164.000000
162.000000
110.000000
108.000000
161.000000
161.000000
161.000000
162.000000
108.000000
108.000000
108.000000
108.000000
108.000000
164.000000
164.000000
165.000000
161.000000
161.000000
164.000000
164.000000
161.000000
164.000000
161.000000
110.000000
108.000000
107.000000
108.000000
161.000000
164.000000
107.000000
161.000000
162.000000
164.000000
161.000000
161.000000
161.000000
162.000000
161.000000
161.000000
164.000000
161.000000
114.000000
111.000000
111.000000
108.000000
4084.000000
108.000000
107.000000
107.000000
108.000000
162.000000
164.000000
164.000000
161.000000
108.000000
4049.000000
108.000000
4103.000000
107.000000
110.000000
4064.000000
108.000000
165.000000
161.000000
164.000000
161.000000
161.000000
161.000000
161.000000
164.000000
164.000000
167.000000
161.000000
164.000000
164.000000
110.000000
4071.000000
111.000000
161.000000
161.000000
108.000000
110.000000
108.000000
108.000000
107.000000
161.000000
161.000000
161.000000
161.000000
164.000000
161.000000
161.000000
107.000000
108.000000
111.000000
161.000000
161.000000
161.000000
165.000000
164.000000
164.000000
161.000000
164.000000
164.000000
161.000000
161.000000
161.000000
161.000000
164.000000
137.000000
161.000000
161.000000
164.000000
167.000000
164.000000
112.000000
161.000000
161.000000
161.000000
108.000000
108.000000
108.000000
110.000000
107.000000
161.000000
161.000000
217.000000
161.000000
161.000000
108.000000
107.000000
108.000000
161.000000
161.000000
161.000000
161.000000
164.000000
161.000000
124.000000
161.000000
161.000000
162.000000
161.000000
162.000000
161.000000
161.000000
161.000000
108.000000
108.000000
107.000000
111.000000
107.000000
111.000000
110.000000
107.000000
107.000000
110.000000
164.000000
107.000000
164.000000
161.000000
163.000000
164.000000
162.000000
165.000000
164.000000
108.000000
107.000000
108.000000
111.000000
107.000000
108.000000
111.000000
107.000000
108.000000
107.000000
167.000000
93324.000000
164.000000
165.000000
164.000000
164.000000
161.000000
161.000000
161.000000
161.000000
161.000000
162.000000
161.000000
167.000000
161.000000
108.000000
165.000000
107.000000
110.000000
161.000000
161.000000
161.000000
175.000000
112.000000
161.000000
162.000000
165.000000
161.000000
54.000000
55.000000
54.000000
55.000000
54.000000
162.000000
161.000000
111.000000
107.000000
111.000000
108.000000
108.000000
161.000000
164.000000
165.000000
163.000000
161.000000
161.000000
163.000000
164.000000
164.000000
161.000000
161.000000
164.000000
161.000000
161.000000
162.000000
163.000000
212.000000
161.000000
161.000000
161.000000
161.000000
161.000000
107.000000
108.000000
107.000000
107.000000
111.000000
111.000000
108.000000
108.000000
107.000000
54.000000
108.000000
4034.000000
108.000000
108.000000
54.000000
54.000000
54.000000
110.000000
107.000000
59.000000
107.000000
161.000000
161.000000
164.000000
111.000000
108.000000
111.000000
110.000000
107.000000
107.000000
107.000000
162.000000
161.000000
161.000000
162.000000
161.000000
166.000000
161.000000
161.000000
164.000000
108.000000
107.000000
108.000000
108.000000
107.000000
160.000000
162.000000
161.000000
161.000000
162.000000
107.000000
107.000000
164.000000
107.000000
108.000000
111.000000
108.000000
108.000000
108.000000
108.000000
111.000000
111.000000
161.000000
161.000000
161.000000
215.000000
161.000000
161.000000
161.000000
162.000000
161.000000
108.000000
108.000000
110.000000
54.000000
54.000000
54.000000
54.000000
54.000000
54.000000
108.000000
161.000000
161.000000
110.000000
54.000000
54.000000
108.000000
108.000000
107.000000
107.000000
108.000000
108.000000
162.000000
161.000000
161.000000
111.000000
107.000000
111.000000
162.000000
164.000000
161.000000
161.000000
161.000000
161.000000
164.000000
164.000000
107.000000
107.000000
159.000000
108.000000
108.000000
54.000000
54.000000
55.000000
55.000000
161.000000
165.000000
54.000000
108.000000
108.000000
108.000000
108.000000
108.000000
108.000000
108.000000
109.000000
111.000000
161.000000
161.000000
161.000000
162.000000
161.000000
161.000000
167.000000
164.000000
162.000000
163.000000
164.000000
165.000000
161.000000
161.000000
161.000000
162.000000
164.000000
161.000000
161.000000
161.000000
161.000000
161.000000
162.000000
163.000000
161.000000
164.000000
164.000000
161.000000
165.000000
161.000000
108.000000
54.000000
54.000000
57.000000
54.000000
54.000000
55.000000
58.000000
55.000000
54.000000
54.000000
161.000000
161.000000
164.000000
162.000000
160.000000
107.000000
4137.000000
110.000000
107.000000
108.000000
108.000000
54.000000
109.000000
108.000000
108.000000
108.000000
164.000000
164.000000
161.000000
163.000000
108.000000
110.000000
107.000000
54.000000
54.000000
111.000000
108.000000
111.000000
107.000000
108.000000
108.000000
107.000000
107.000000
108.000000
164.000000
164.000000
108.000000
55.000000
54.000000
54.000000
54.000000
54.000000
54.000000
57.000000
54.000000
54.000000
54.000000
54.000000
108.000000
111.000000
161.000000
161.000000
165.000000
107.000000
111.000000
110.000000
108.000000
108.000000
108.000000
164.000000
161.000000
161.000000
164.000000
161.000000
162.000000
163.000000
161.000000
161.000000
161.000000
161.000000
161.000000
164.000000
161.000000
161.000000
161.000000
164.000000
161.000000
161.000000
164.000000
164.000000
161.000000
161.000000
113.000000
161.000000
165.000000
164.000000
164.000000
167.000000
161.000000
161.000000
162.000000
161.000000
164.000000
164.000000
161.000000
108.000000
108.000000
108.000000
4051.000000
107.000000
107.000000
57.000000
54.000000
54.000000
54.000000
164.000000
107.000000
107.000000
107.000000
107.000000
215.000000
161.000000
108.000000
161.000000
161.000000
161.000000
161.000000
107.000000
108.000000
108.000000
108.000000
107.000000
110.000000
107.000000
161.000000
164.000000
161.000000
161.000000
161.000000
164.000000
164.000000
161.000000
161.000000
163.000000
161.000000
161.000000
161.000000
162.000000
164.000000
164.000000
161.000000
162.000000
164.000000
162.000000
164.000000
161.000000
161.000000
161.000000
161.000000
161.000000
161.000000
162.000000
161.000000
164.000000
136.000000
161.000000
161.000000
164.000000
108.000000
111.000000
107.000000
164.000000
162.000000
164.000000
161.000000
134.000000
162.000000
161.000000
161.000000
108.000000
108.000000
107.000000
107.000000
212.000000
161.000000
107.000000
108.000000
110.000000
161.000000
161.000000
160.000000
161.000000
161.000000
108.000000
54.000000
54.000000
108.000000
108.000000
161.000000
161.000000
161.000000
161.000000
163.000000
213.000000
161.000000
161.000000
161.000000
161.000000
164.000000
107.000000
110.000000
107.000000
111.000000
107.000000
110.000000
4329.000000
108.000000
108.000000
108.000000
108.000000
108.000000
161.000000
215.000000
161.000000
108.000000
161.000000
161.000000
165.000000
164.000000
161.000000
161.000000
108.000000
108.000000
108.000000
108.000000
107.000000
108.000000
108.000000
108.000000
109.000000
108.000000
108.000000
107.000000
108.000000
111.000000
161.000000
161.000000
161.000000
164.000000
161.000000
164.000000
161.000000
169.000000
215.000000
164.000000
161.000000
164.000000
162.000000
161.000000
164.000000
164.000000
164.000000
161.000000
164.000000
161.000000
161.000000
163.000000
107.000000
4125.000000
108.000000
107.000000
107.000000
111.000000
111.000000
161.000000
164.000000
161.000000
161.000000
111.000000
161.000000
163.000000
162.000000
162.000000
162.000000
161.000000
166.000000
161.000000
161.000000
161.000000
57.000000
107.000000
108.000000
107.000000
109.000000
162.000000
162.000000
161.000000
161.000000
108.000000
164.000000
108.000000
108.000000
162.000000
162.000000
161.000000
161.000000
162.000000
164.000000
161.000000
164.000000
55.000000
54.000000
54.000000
54.000000
54.000000
108.000000
108.000000
54.000000
54.000000
57.000000
54.000000
54.000000
161.000000
161.000000
108.000000
110.000000
108.000000
108.000000
111.000000
107.000000
108.000000
162.000000
166.000000
108.000000
107.000000
111.000000
111.000000
108.000000
161.000000
161.000000
161.000000
108.000000
107.000000
107.000000
107.000000
108.000000
164.000000
162.000000
164.000000
164.000000
161.000000
161.000000
161.000000
164.000000
54.000000
54.000000
54.000000
107.000000
108.000000
164.000000
161.000000
108.000000
54.000000
55.000000
54.000000
54.000000
54.000000
161.000000
108.000000
108.000000
108.000000
110.000000
109.000000
107.000000
161.000000
161.000000
164.000000
164.000000
161.000000
160.000000
160.000000
161.000000
164.000000
164.000000
161.000000
161.000000
54.000000
55.000000
57.000000
161.000000
162.000000
161.000000
162.000000
161.000000
161.000000
164.000000
161.000000
108.000000
108.000000
107.000000
107.000000
107.000000
164.000000
161.000000
161.000000
161.000000
164.000000
107.000000
110.000000
107.000000
107.000000
54.000000
54.000000
54.000000
54.000000
108.000000
108.000000
108.000000
108.000000
107.000000
161.000000
161.000000
161.000000
108.000000
108.000000
111.000000
108.000000
161.000000
164.000000
162.000000
164.000000
163.000000
122.000000
107.000000
108.000000
55.000000
57.000000
54.000000
54.000000
108.000000
110.000000
108.000000
162.000000
192.000000
161.000000
165.000000
164.000000
167.000000
167.000000
165.000000
4061.000000
161.000000
161.000000
161.000000
164.000000
164.000000
162.000000
107.000000
108.000000
111.000000
108.000000
116.000000
108.000000
4058.000000
108.000000
161.000000
160.000000
161.000000
161.000000
164.000000
161.000000
161.000000
161.000000
161.000000
167.000000
161.000000
161.000000
107.000000
107.000000
107.000000
161.000000
161.000000
164.000000
162.000000
164.000000
161.000000
163.000000
161.000000
162.000000
108.000000
107.000000
108.000000
108.000000
110.000000
108.000000
4128.000000
110.000000
107.000000
161.000000
161.000000
161.000000
161.000000
161.000000
161.000000
161.000000
161.000000
164.000000
167.000000
164.000000
164.000000
164.000000
161.000000
108.000000
107.000000
164.000000
161.000000
161.000000
108.000000
108.000000
110.000000
107.000000
108.000000
54.000000
54.000000
55.000000
55.000000
54.000000
55.000000
161.000000
161.000000
161.000000
162.000000
162.000000
161.000000
161.000000
161.000000
164.000000
164.000000
164.000000
108.000000
108.000000
57.000000
108.000000
108.000000
107.000000
107.000000
164.000000
161.000000
161.000000
161.000000
161.000000
165.000000
161.000000
162.000000
161.000000
161.000000
161.000000
161.000000
161.000000
108.000000
161.000000
129.000000
54.000000
54.000000
54.000000
107.000000
107.000000
161.000000
216.000000
161.000000
162.000000
164.000000
162.000000
161.000000
161.000000
4111.000000
108.000000
111.000000
108.000000
162.000000
161.000000
164.000000
161.000000
161.000000
162.000000
164.000000
161.000000
108.000000
54.000000
54.000000
54.000000
54.000000
58.000000
54.000000
111.000000
108.000000
108.000000
111.000000
111.000000
161.000000
161.000000
161.000000
164.000000
164.000000
164.000000
110.000000
108.000000
108.000000
108.000000
111.000000
107.000000
55.000000
163.000000
164.000000
164.000000
107.000000
108.000000
110.000000
161.000000
169.000000
161.000000
164.000000
163.000000
164.000000
161.000000
161.000000
165.000000
161.000000
161.000000
114.000000
54.000000
54.000000
54.000000
8029.000000
54.000000
162.000000
165.000000
107.000000
161.000000
161.000000
161.000000
161.000000
107.000000
161.000000
161.000000
164.000000
162.000000
113.000000
161.000000
161.000000
161.000000
108.000000
107.000000
108.000000
110.000000
110.000000
110.000000
161.000000
164.000000
108.000000
108.000000
108.000000
107.000000
107.000000
111.000000
107.000000
161.000000
161.000000
160.000000
162.000000
161.000000
54.000000
54.000000
54.000000
54.000000
107.000000
108.000000
108.000000
108.000000
108.000000
111.000000
111.000000
107.000000
108.000000
108.000000
54.000000
54.000000
54.000000
55.000000
107.000000
107.000000
107.000000
4110.000000
161.000000
161.000000
161.000000
164.000000
161.000000
164.000000
164.000000
164.000000
161.000000
161.000000
161.000000
162.000000
162.000000
167.000000
161.000000
162.000000
161.000000
169.000000
163.000000
161.000000
161.000000
161.000000
164.000000
161.000000
107.000000
54.000000
55.000000
54.000000
54.000000
54.000000
55.000000
54.000000
162.000000
164.000000
164.000000
165.000000
164.000000
161.000000
164.000000
162.000000
161.000000
161.000000
165.000000
164.000000
161.000000
111.000000
107.000000
108.000000
54.000000
54.000000
54.000000
110.000000
161.000000
161.000000
161.000000
161.000000
163.000000
161.000000
164.000000
5386.000000
54.000000
54.000000
107.000000
161.000000
164.000000
162.000000
111.000000
107.000000
107.000000
162.000000
167.000000
164.000000
167.000000
164.000000
162.000000
161.000000
164.000000
172.000000
161.000000
165.000000
164.000000
161.000000
161.000000
161.000000
161.000000
161.000000
164.000000
161.000000
164.000000
164.000000
161.000000
175.000000
161.000000
161.000000
162.000000
161.000000
164.000000
161.000000
107.000000
108.000000
110.000000
162.000000
112.000000
161.000000
161.000000
161.000000
161.000000
164.000000
162.000000
161.000000
108.000000
108.000000
108.000000
161.000000
161.000000
163.000000
162.000000
107.000000
107.000000
54.000000
54.000000
54.000000
54.000000
8030.000000
55.000000
54.000000
57.000000
108.000000
107.000000
54.000000
107.000000
4057.000000
108.000000
163.000000
161.000000
161.000000
161.000000
161.000000
161.000000
164.000000
161.000000
108.000000
54.000000
108.000000
111.000000
165.000000
162.000000
163.000000
162.000000
161.000000
161.000000
107.000000
108.000000
108.000000
162.000000
164.000000
163.000000
162.000000
163.000000
167.000000
161.000000
161.000000
161.000000
112.000000
160.000000
160.000000
169.000000
161.000000
166.000000
161.000000
235.000000
162.000000
161.000000
161.000000
162.000000
161.000000
161.000000
161.000000
164.000000
161.000000
162.000000
161.000000
161.000000
162.000000
160.000000
161.000000
161.000000
161.000000
161.000000
161.000000
164.000000
161.000000
161.000000
161.000000
111.000000
161.000000
161.000000
166.000000
162.000000
161.000000
161.000000
161.000000
161.000000
161.000000
161.000000
161.000000
164.000000
164.000000
161.000000
161.000000
164.000000
213.000000
162.000000
161.000000
107.000000
107.000000
111.000000
107.000000
107.000000
107.000000
110.000000
108.000000
164.000000
161.000000
161.000000
161.000000
107.000000
108.000000
107.000000
108.000000
108.000000
161.000000
161.000000
161.000000
175.000000
161.000000
164.000000
161.000000
161.000000
161.000000
107.000000
107.000000
108.000000
107.000000
162.000000
164.000000
161.000000
110.000000
107.000000
108.000000
107.000000
107.000000
108.000000
107.000000
54.000000
54.000000
108.000000
159.000000
161.000000
161.000000
108.000000
108.000000
4113.000000
161.000000
164.000000
213.000000
161.000000
161.000000
164.000000
161.000000
161.000000
165.000000
108.000000
108.000000
108.000000
161.000000
167.000000
161.000000
164.000000
161.000000
161.000000
161.000000
161.000000
164.000000
162.000000
161.000000
170.000000
164.000000
161.000000
161.000000
164.000000
162.000000
164.000000
162.000000
161.000000
108.000000
107.000000
107.000000
163.000000
108.000000
107.000000
107.000000
111.000000
108.000000
108.000000
109.000000
108.000000
161.000000
108.000000
108.000000
108.000000
161.000000
430.000000
108.000000
108.000000
107.000000
111.000000
108.000000
108.000000
4123.000000
161.000000
164.000000
165.000000
164.000000
107.000000
109.000000
108.000000
159.000000
111.000000
108.000000
113.000000
107.000000
108.000000
110.000000
107.000000
108.000000
107.000000
164.000000
165.000000
164.000000
161.000000
165.000000
161.000000
164.000000
161.000000
215.000000
118.000000
164.000000
108.000000
111.000000
108.000000
107.000000
111.000000
161.000000
108.000000
108.000000
111.000000
108.000000
107.000000
107.000000
107.000000
108.000000
54.000000
57.000000
54.000000
57.000000
54.000000
107.000000
108.000000
108.000000
108.000000
108.000000
111.000000
110.000000
107.000000
161.000000
161.000000
161.000000
107.000000
108.000000
108.000000
107.000000
54.000000
108.000000
161.000000
161.000000
161.000000
161.000000
164.000000
161.000000
161.000000
161.000000
161.000000
161.000000
161.000000
160.000000
164.000000
161.000000
164.000000
212.000000
161.000000
164.000000
4065.000000
111.000000
107.000000
107.000000
107.000000
107.000000
107.000000
110.000000
107.000000
164.000000
161.000000
161.000000
179.000000
161.000000
164.000000
167.000000
164.000000
107.000000
164.000000
161.000000
161.000000
167.000000
161.000000
110.000000
107.000000
108.000000
57.000000
54.000000
162.000000
161.000000
162.000000
162.000000
161.000000
161.000000
162.000000
162.000000
164.000000
161.000000
161.000000
161.000000
164.000000
162.000000
164.000000
161.000000
161.000000
164.000000
108.000000
110.000000
108.000000
108.000000
107.000000
108.000000
164.000000
161.000000
107.000000
108.000000
110.000000
107.000000
161.000000
108.000000
107.000000
108.000000
107.000000
111.000000
107.000000
161.000000
161.000000
108.000000
111.000000
108.000000
108.000000
161.000000
161.000000
161.000000
161.000000
172.000000
164.000000
161.000000
161.000000
162.000000
107.000000
107.000000
55.000000
56.000000
164.000000
161.000000
164.000000
107.000000
107.000000
108.000000
108.000000
107.000000
54.000000
54.000000
54.000000
182.000000
161.000000
167.000000
54.000000
58.000000
167.000000
168.000000
165.000000
162.000000
111.000000
108.000000
54.000000
54.000000
54.000000
107.000000
108.000000
164.000000
161.000000
167.000000
164.000000
161.000000
161.000000
164.000000
161.000000
163.000000
161.000000
161.000000
167.000000
161.000000
161.000000
162.000000
162.000000
164.000000
161.000000
162.000000
161.000000
161.000000
161.000000
161.000000
161.000000
161.000000
108.000000
109.000000
108.000000
107.000000
107.000000
161.000000
161.000000
162.000000
161.000000
167.000000
167.000000
111.000000
108.000000
161.000000
162.000000
162.000000
161.000000
163.000000
111.000000
161.000000
161.000000
212.000000
161.000000
161.000000
161.000000
161.000000
161.000000
162.000000
161.000000
161.000000
107.000000
111.000000
161.000000
164.000000
161.000000
108.000000
108.000000
54.000000
54.000000
108.000000
110.000000
107.000000
162.000000
167.000000
161.000000
161.000000
164.000000
161.000000
107.000000
107.000000
111.000000
108.000000
108.000000
108.000000
111.000000
161.000000
164.000000
164.000000
161.000000
163.000000
161.000000
161.000000
161.000000
162.000000
161.000000
167.000000
161.000000
161.000000
161.000000
161.000000
162.000000
108.000000
111.000000
108.000000
107.000000
108.000000
107.000000
108.000000
160.000000
167.000000
164.000000
161.000000
161.000000
111.000000
161.000000
161.000000
161.000000
161.000000
161.000000
162.000000
108.000000
161.000000
113.000000
108.000000
4108.000000
110.000000
108.000000
110.000000
107.000000
108.000000
161.000000
161.000000
161.000000
161.000000
162.000000
161.000000
161.000000
107.000000
107.000000
111.000000
111.000000
110.000000
108.000000
161.000000
161.000000
164.000000
54.000000
54.000000
57.000000
54.000000
54.000000
110.000000
108.000000
164.000000
161.000000
161.000000
161.000000
161.000000
107.000000
107.000000
54.000000
161.000000
161.000000
161.000000
161.000000
161.000000
164.000000
161.000000
107.000000
108.000000
108.000000
108.000000
108.000000
108.000000
162.000000
163.000000
161.000000
162.000000
161.000000
110.000000
107.000000
161.000000
107.000000
108.000000
107.000000
110.000000
108.000000
161.000000
161.000000
107.000000
111.000000
108.000000
108.000000
107.000000
164.000000
164.000000
54.000000
111.000000
107.000000
109.000000
110.000000
110.000000
108.000000
161.000000
164.000000
187.000000
161.000000
