345.000000
573.000000
336.000000
389.000000
219.000000
164.000000
339.000000
330.000000
282.000000
387.000000
394.000000
278.000000
329.000000
278.000000
277.000000
281.000000
96242.000000
332.000000
442.000000
394.000000
392.000000
223.000000
390.000000
333.000000
92401.000000
382.000000
391.000000
390.000000
392.000000
400.000000
391.000000
331.000000
330.000000
331.000000
288.000000
279.000000
335.000000
388.000000
334.000000
277.000000
388.000000
92282.000000
222.000000
222.000000
227.000000
333.000000
339.000000
338.000000
386.000000
333.000000
387.000000
224.000000
220.000000
325.000000
274.000000
221.000000
388.000000
389.000000
389.000000
386.000000
390.000000
386.000000
454.000000
385.000000
390.000000
332.000000
332.000000
338.000000
336.000000
333.000000
386.000000
445.000000
441.000000
446.000000
454.000000
274.000000
221.000000
221.000000
223.000000
282.000000
332.000000
347.000000
389.000000
449.000000
166.000000
224.000000
276.000000
277.000000
330.000000
385.000000
338.000000
277.000000
288.000000
285.000000
276.000000
336.000000
278.000000
343.000000
281.000000
334.000000
280.000000
276.000000
277.000000
276.000000
277.000000
282.000000
404.000000
384.000000
441.000000
331.000000
399.000000
330.000000
330.000000
286.000000
281.000000
277.000000
276.000000
96356.000000
332.000000
339.000000
276.000000
337.000000
271.000000
221.000000
220.000000
278.000000
384.000000
220.000000
332.000000
337.000000
334.000000
435.000000
221.000000
224.000000
222.000000
168.000000
226.000000
219.000000
219.000000
220.000000
292.000000
281.000000
388.000000
390.000000
391.000000
387.000000
392.000000
386.000000
386.000000
391.000000
279.000000
385.000000
283.000000
332.000000
392.000000
387.000000
388.000000
392.000000
451.000000
444.000000
442.000000
274.000000
274.000000
282.000000
274.000000
275.000000
221.000000
277.000000
391.000000
441.000000
442.000000
452.000000
441.000000
443.000000
385.000000
332.000000
284.000000
331.000000
331.000000
336.000000
220.000000
275.000000
277.000000
282.000000
344.000000
283.000000
386.000000
453.000000
392.000000
334.000000
333.000000
335.000000
337.000000
381.000000
330.000000
387.000000
331.000000
332.000000
286.000000
330.000000
333.000000
336.000000
337.000000
331.000000
335.000000
333.000000
331.000000
388.000000
398.000000
387.000000
395.000000
385.000000
389.000000
391.000000
449.000000
329.000000
338.000000
330.000000
384.000000
332.000000
334.000000
381.000000
330.000000
332.000000
290.000000
225.000000
389.000000
389.000000
381.000000
276.000000
279.000000
336.000000
278.000000
282.000000
340.000000
335.000000
228.000000
339.000000
388.000000
387.000000
393.000000
398.000000
388.000000
444.000000
446.000000
444.000000
449.000000
391.000000
390.000000
455.000000
442.000000
450.000000
446.000000
329.000000
274.000000
274.000000
291.000000
330.000000
325.000000
220.000000
220.000000
229.000000
221.000000
100245.000000
333.000000
335.000000
334.000000
331.000000
335.000000
288.000000
331.000000
279.000000
274.000000
224.000000
220.000000
276.000000
333.000000
339.000000
336.000000
276.000000
280.000000
276.000000
95346.000000
338.000000
394.000000
437.000000
442.000000
448.000000
445.000000
388.000000
389.000000
392.000000
389.000000
388.000000
276.000000
277.000000
336.000000
342.000000
328.000000
274.000000
329.000000
335.000000
382.000000
329.000000
336.000000
276.000000
222.000000
277.000000
282.000000
389.000000
439.000000
444.000000
385.000000
390.000000
437.000000
279.000000
275.000000
278.000000
329.000000
278.000000
394.000000
331.000000
335.000000
276.000000
333.000000
392.000000
332.000000
331.000000
330.000000
381.000000
226.000000
219.000000
165.000000
229.000000
282.000000
221.000000
280.000000
340.000000
284.000000
389.000000
326.000000
278.000000
329.000000
285.000000
333.000000
276.000000
331.000000
338.000000
332.000000
332.000000
333.000000
277.000000
278.000000
224.000000
100212.000000
221.000000
221.000000
229.000000
220.000000
220.000000
221.000000
165.000000
271.000000
220.000000
276.000000
393.000000
330.000000
382.000000
274.000000
220.000000
280.000000
275.000000
275.000000
450.000000
330.000000
334.000000
335.000000
333.000000
338.000000
277.000000
341.000000
342.000000
331.000000
332.000000
335.000000
336.000000
396.000000
275.000000
229.000000
221.000000
224.000000
333.000000
332.000000
342.000000
284.000000
279.000000
276.000000
96244.000000
286.000000
391.000000
390.000000
400.000000
394.000000
330.000000
388.000000
330.000000
276.000000
275.000000
336.000000
330.000000
334.000000
339.000000
339.000000
493.000000
443.000000
390.000000
391.000000
340.000000
389.000000
336.000000
331.000000
335.000000
334.000000
336.000000
337.000000
332.000000
335.000000
337.000000
388.000000
386.000000
333.000000
332.000000
388.000000
386.000000
494.000000
84662.000000
499.000000
221.000000
328.000000
277.000000
397.000000
388.000000
382.000000
389.000000
389.000000
386.000000
386.000000
391.000000
445.000000
275.000000
275.000000
339.000000
333.000000
336.000000
275.000000
279.000000
275.000000
341.000000
387.000000
386.000000
391.000000
330.000000
275.000000
325.000000
330.000000
437.000000
276.000000
281.000000
285.000000
294.000000
336.000000
447.000000
388.000000
385.000000
390.000000
227.000000
276.000000
334.000000
330.000000
333.000000
385.000000
386.000000
386.000000
330.000000
287.000000
280.000000
285.000000
284.000000
276.000000
280.000000
280.000000
226.000000
272.000000
220.000000
275.000000
276.000000
341.000000
279.000000
286.000000
331.000000
442.000000
392.000000
387.000000
387.000000
329.000000
382.000000
330.000000
92282.000000
334.000000
330.000000
335.000000
219.000000
223.000000
278.000000
278.000000
326.000000
329.000000
330.000000
333.000000
386.000000
220.000000
220.000000
220.000000
273.000000
224.000000
446.000000
391.000000
336.000000
393.000000
277.000000
332.000000
329.000000
328.000000
279.000000
386.000000
442.000000
448.000000
443.000000
443.000000
273.000000
274.000000
273.000000
278.000000
275.000000
276.000000
334.000000
330.000000
331.000000
332.000000
280.000000
276.000000
280.000000
284.000000
281.000000
446.000000
332.000000
381.000000
165.000000
220.000000
171.000000
394.000000
385.000000
384.000000
279.000000
276.000000
276.000000
331.000000
331.000000
328.000000
335.000000
335.000000
345.000000
558.000000
442.000000
336.000000
276.000000
279.000000
274.000000
330.000000
330.000000
330.000000
331.000000
406.000000
446.000000
330.000000
333.000000
333.000000
334.000000
275.000000
275.000000
386.000000
341.000000
278.000000
219.000000
334.000000
92426.000000
276.000000
276.000000
282.000000
338.000000
336.000000
330.000000
281.000000
339.000000
277.000000
172.000000
277.000000
223.000000
333.000000
331.000000
287.000000
219.000000
220.000000
220.000000
395.000000
386.000000
334.000000
392.000000
387.000000
330.000000
330.000000
338.000000
337.000000
381.000000
341.000000
341.000000
341.000000
392.000000
332.000000
446.000000
330.000000
277.000000
283.000000
392.000000
399.000000
337.000000
331.000000
386.000000
386.000000
338.000000
91057.000000
274.000000
278.000000
278.000000
331.000000
386.000000
386.000000
390.000000
332.000000
274.000000
274.000000
278.000000
276.000000
333.000000
220.000000
386.000000
279.000000
276.000000
279.000000
390.000000
330.000000
338.000000
330.000000
331.000000
389.000000
277.000000
221.000000
226.000000
333.000000
288.000000
341.000000
445.000000
449.000000
447.000000
276.000000
283.000000
290.000000
280.000000
279.000000
280.000000
343.000000
278.000000
278.000000
283.000000
332.000000
331.000000
390.000000
387.000000
331.000000
396.000000
386.000000
386.000000
330.000000
333.000000
330.000000
335.000000
334.000000
397.000000
388.000000
448.000000
275.000000
385.000000
453.000000
448.000000
336.000000
221.000000
230.000000
276.000000
344.000000
382.000000
331.000000
336.000000
331.000000
285.000000
336.000000
280.000000
280.000000
332.000000
386.000000
332.000000
283.000000
275.000000
338.000000
284.000000
282.000000
221.000000
221.000000
336.000000
449.000000
389.000000
329.000000
280.000000
277.000000
283.000000
278.000000
331.000000
391.000000
489.000000
336.000000
389.000000
393.000000
387.000000
330.000000
274.000000
280.000000
279.000000
273.000000
277.000000
271.000000
223.000000
166.000000
221.000000
332.000000
336.000000
331.000000
274.000000
385.000000
388.000000
388.000000
453.000000
437.000000
344.000000
343.000000
337.000000
332.000000
336.000000
290.000000
333.000000
390.000000
331.000000
340.000000
338.000000
392.000000
333.000000
334.000000
340.000000
332.000000
337.000000
331.000000
437.000000
344.000000
335.000000
282.000000
222.000000
334.000000
391.000000
452.000000
391.000000
387.000000
390.000000
446.000000
392.000000
392.000000
388.000000
337.000000
226.000000
279.000000
332.000000
333.000000
387.000000
387.000000
287.000000
386.000000
276.000000
276.000000
284.000000
276.000000
449.000000
458.000000
393.000000
442.000000
388.000000
390.000000
342.000000
348.000000
332.000000
388.000000
337.000000
332.000000
274.000000
236.000000
283.000000
335.000000
276.000000
277.000000
276.000000
285.000000
275.000000
335.000000
331.000000
330.000000
283.000000
277.000000
276.000000
275.000000
288.000000
281.000000
334.000000
340.000000
392.000000
448.000000
442.000000
446.000000
449.000000
499.000000
386.000000
330.000000
337.000000
277.000000
277.000000
276.000000
340.000000
387.000000
288.000000
333.000000
397.000000
283.000000
329.000000
275.000000
275.000000
276.000000
339.000000
443.000000
340.000000
329.000000
350.000000
333.000000
443.000000
393.000000
396.000000
387.000000
394.000000
388.000000
393.000000
448.000000
451.000000
221.000000
224.000000
221.000000
217.000000
172.000000
170.000000
278.000000
332.000000
339.000000
390.000000
387.000000
387.000000
387.000000
335.000000
277.000000
281.000000
335.000000
331.000000
388.000000
92513.000000
279.000000
220.000000
278.000000
272.000000
223.000000
166.000000
331.000000
332.000000
343.000000
337.000000
331.000000
333.000000
448.000000
444.000000
504.000000
455.000000
328.000000
276.000000
99888.000000
236.000000
226.000000
330.000000
96358.000000
448.000000
447.000000
280.000000
222.000000
283.000000
335.000000
386.000000
388.000000
384.000000
388.000000
395.000000
391.000000
92433.000000
331.000000
280.000000
448.000000
459.000000
450.000000
341.000000
335.000000
334.000000
331.000000
339.000000
336.000000
333.000000
276.000000
401.000000
390.000000
496.000000
166.000000
167.000000
225.000000
167.000000
279.000000
332.000000
337.000000
330.000000
276.000000
277.000000
332.000000
331.000000
336.000000
336.000000
332.000000
386.000000
395.000000
444.000000
448.000000
395.000000
387.000000
504.000000
338.000000
333.000000
499.000000
505.000000
511.000000
443.000000
453.000000
448.000000
443.000000
448.000000
386.000000
437.000000
278.000000
382.000000
344.000000
339.000000
337.000000
332.000000
384.000000
280.000000
396.000000
442.000000
393.000000
332.000000
335.000000
337.000000
331.000000
287.000000
498.000000
392.000000
392.000000
391.000000
331.000000
331.000000
443.000000
442.000000
453.000000
497.000000
500.000000
498.000000
442.000000
277.000000
277.000000
285.000000
332.000000
393.000000
336.000000
382.000000
332.000000
279.000000
283.000000
334.000000
389.000000
333.000000
332.000000
332.000000
96415.000000
398.000000
400.000000
384.000000
331.000000
278.000000
220.000000
220.000000
220.000000
233.000000
276.000000
335.000000
392.000000
356.000000
384.000000
275.000000
328.000000
332.000000
337.000000
388.000000
333.000000
275.000000
327.000000
281.000000
281.000000
283.000000
332.000000
1056255.000000
335.000000
332.000000
343.000000
331.000000
397.000000
330.000000
96215.000000
331.000000
280.000000
276.000000
277.000000
277.000000
282.000000
331.000000
330.000000
330.000000
280.000000
230.000000
331.000000
333.000000
333.000000
280.000000
275.000000
279.000000
281.000000
336.000000
281.000000
335.000000
389.000000
341.000000
448.000000
393.000000
443.000000
505.000000
386.000000
391.000000
383.000000
338.000000
279.000000
220.000000
219.000000
224.000000
229.000000
220.000000
331.000000
338.000000
446.000000
387.000000
334.000000
277.000000
277.000000
332.000000
332.000000
342.000000
387.000000
393.000000
386.000000
338.000000
279.000000
275.000000
343.000000
331.000000
93836.000000
449.000000
391.000000
286.000000
276.000000
441.000000
499.000000
387.000000
391.000000
394.000000
388.000000
390.000000
387.000000
341.000000
392.000000
330.000000
392.000000
387.000000
386.000000
447.000000
336.000000
332.000000
340.000000
331.000000
331.000000
331.000000
392.000000
390.000000
388.000000
390.000000
385.000000
437.000000
341.000000
401.000000
335.000000
336.000000
383.000000
447.000000
444.000000
393.000000
385.000000
90690.000000
386.000000
387.000000
387.000000
396.000000
331.000000
335.000000
331.000000
337.000000
332.000000
332.000000
338.000000
276.000000
459.000000
453.000000
444.000000
332.000000
336.000000
286.000000
444.000000
392.000000
386.000000
388.000000
400.000000
347.000000
400.000000
447.000000
450.000000
386.000000
386.000000
278.000000
275.000000
278.000000
341.000000
397.000000
332.000000
396.000000
277.000000
332.000000
332.000000
334.000000
343.000000
276.000000
391.000000
447.000000
331.000000
330.000000
280.000000
336.000000
277.000000
225.000000
168.000000
166.000000
169.000000
227.000000
120.000000
224.000000
275.000000
100323.000000
337.000000
276.000000
276.000000
332.000000
91883.000000
388.000000
332.000000
273.000000
286.000000
221.000000
220.000000
223.000000
225.000000
340.000000
331.000000
396.000000
447.000000
499.000000
340.000000
331.000000
276.000000
275.000000
438.000000
388.000000
388.000000
341.000000
331.000000
333.000000
333.000000
338.000000
333.000000
232.000000
275.000000
334.000000
277.000000
282.000000
437.000000
442.000000
332.000000
386.000000
277.000000
277.000000
385.000000
287.000000
393.000000
499.000000
502.000000
499.000000
282.000000
395.000000
438.000000
333.000000
447.000000
456.000000
444.000000
446.000000
446.000000
450.000000
225.000000
456.000000
341.000000
283.000000
278.000000
390.000000
393.000000
335.000000
443.000000
446.000000
388.000000
280.000000
285.000000
279.000000
393.000000
332.000000
276.000000
100274.000000
495.000000
391.000000
280.000000
276.000000
276.000000
275.000000
277.000000
443.000000
449.000000
451.000000
446.000000
327.000000
394.000000
288.000000
280.000000
332.000000
396.000000
332.000000
331.000000
387.000000
298.000000
393.000000
394.000000
388.000000
331.000000
331.000000
397.000000
383.000000
382.000000
330.000000
335.000000
334.000000
336.000000
329.000000
222.000000
223.000000
222.000000
235.000000
227.000000
227.000000
391.000000
386.000000
390.000000
387.000000
387.000000
331.000000
288.000000
333.000000
337.000000
285.000000
331.000000
278.000000
387.000000
277.000000
275.000000
395.000000
388.000000
411.000000
456.000000
448.000000
446.000000
452.000000
555.000000
451.000000
445.000000
442.000000
450.000000
446.000000
499.000000
442.000000
387.000000
387.000000
395.000000
387.000000
387.000000
387.000000
389.000000
338.000000
337.000000
397.000000
388.000000
398.000000
446.000000
282.000000
277.000000
384.000000
280.000000
284.000000
332.000000
386.000000
332.000000
397.000000
337.000000
395.000000
447.000000
507.000000
278.000000
281.000000
327.000000
100219.000000
280.000000
221.000000
220.000000
387.000000
396.000000
387.000000
441.000000
443.000000
437.000000
442.000000
452.000000
392.000000
279.000000
334.000000
334.000000
335.000000
391.000000
331.000000
389.000000
388.000000
388.000000
96383.000000
276.000000
277.000000
275.000000
387.000000
386.000000
443.000000
388.000000
342.000000
387.000000
388.000000
442.000000
337.000000
451.000000
447.000000
275.000000
274.000000
396.000000
553.000000
506.000000
500.000000
392.000000
457.000000
505.000000
506.000000
342.000000
332.000000
276.000000
338.000000
338.000000
341.000000
501.000000
498.000000
444.000000
281.000000
278.000000
345.000000
500.000000
515.000000
449.000000
444.000000
401.000000
443.000000
332.000000
334.000000
329.000000
288.000000
276.000000
277.000000
276.000000
388.000000
390.000000
394.000000
500.000000
339.000000
450.000000
450.000000
496.000000
385.000000
337.000000
282.000000
277.000000
224.000000
448.000000
96498.000000
339.000000
389.000000
390.000000
500.000000
504.000000
503.000000
562.000000
400.000000
400.000000
388.000000
331.000000
337.000000
167.000000
382.000000
108241.000000
384.000000
448.000000
334.000000
329.000000
281.000000
331.000000
352.000000
277.000000
387.000000
333.000000
332.000000
384.000000
384.000000
388.000000
284.000000
333.000000
399.000000
88375.000000
504.000000
504.000000
387.000000
277.000000
285.000000
444.000000
337.000000
331.000000
278.000000
101214.000000
274.000000
221.000000
222.000000
222.000000
277.000000
278.000000
448.000000
333.000000
330.000000
335.000000
331.000000
335.000000
280.000000
277.000000
335.000000
333.000000
565.000000
333.000000
448.000000
278.000000
333.000000
333.000000
394.000000
494.000000
507.000000
391.000000
446.000000
978684.000000
391.000000
277.000000
333.000000
338.000000
387.000000
342.000000
342.000000
338.000000
448.000000
93664.000000
332.000000
336.000000
334.000000
223.000000
226.000000
274.000000
278.000000
449.000000
398.000000
442.000000
451.000000
451.000000
396.000000
276.000000
280.000000
221.000000
338.000000
278.000000
331.000000
390.000000
446.000000
444.000000
397.000000
495.000000
500.000000
448.000000
333.000000
387.000000
494.000000
445.000000
446.000000
388.000000
393.000000
392.000000
442.000000
447.000000
505.000000
500.000000
505.000000
448.000000
347.000000
389.000000
556.000000
96357.000000
284.000000
403.000000
396.000000
390.000000
504.000000
450.000000
330.000000
453.000000
551.000000
508.000000
504.000000
449.000000
95477.000000
388.000000
336.000000
502.000000
387.000000
339.000000
282.000000
333.000000
332.000000
278.000000
329.000000
442.000000
443.000000
280.000000
337.000000
332.000000
332.000000
276.000000
282.000000
496.000000
335.000000
443.000000
389.000000
389.000000
463.000000
389.000000
332.000000
447.000000
444.000000
453.000000
390.000000
443.000000
339.000000
389.000000
394.000000
445.000000
445.000000
397.000000
391.000000
396.000000
337.000000
99983.000000
387.000000
506.000000
553.000000
446.000000
396.000000
336.000000
345.000000
391.000000
388.000000
330.000000
332.000000
332.000000
391.000000
388.000000
288.000000
278.000000
395.000000
452.000000
443.000000
457.000000
386.000000
387.000000
281.000000
385.000000
442.000000
332.000000
384.000000
332.000000
444.000000
334.000000
391.000000
277.000000
276.000000
278.000000
278.000000
222.000000
395.000000
392.000000
222.000000
341.000000
393.000000
388.000000
222.000000
226.000000
505.000000
508.000000
450.000000
389.000000
332.000000
392.000000
394.000000
392.000000
337.000000
338.000000
332.000000
447.000000
387.000000
387.000000
338.000000
332.000000
334.000000
383.000000
94479.000000
455.000000
610.000000
447.000000
275.000000
222.000000
277.000000
332.000000
438.000000
391.000000
392.000000
507.000000
340.000000
383.000000
392.000000
393.000000
390.000000
442.000000
443.000000
333.000000
279.000000
331.000000
383.000000
332.000000
384.000000
388.000000
336.000000
449.000000
407.000000
554.000000
468.000000
277.000000
276.000000
277.000000
338.000000
338.000000
330.000000
332.000000
280.000000
227.000000
222.000000
389.000000
438.000000
461.000000
545.000000
451.000000
519.000000
509.000000
441.000000
400.000000
334.000000
386.000000
388.000000
227.000000
553.000000
393.000000
442.000000
390.000000
444.000000
554.000000
326.000000
282.000000
104209.000000
504.000000
444.000000
384.000000
338.000000
394.000000
334.000000
445.000000
335.000000
340.000000
329.000000
389.000000
332.000000
386.000000
331.000000
332.000000
397.000000
460.000000
386.000000
389.000000
277.000000
331.000000
341.000000
336.000000
333.000000
338.000000
449.000000
277.000000
283.000000
388.000000
343.000000
332.000000
337.000000
337.000000
331.000000
332.000000
279.000000
390.000000
442.000000
501.000000
447.000000
441.000000
388.000000
388.000000
388.000000
277.000000
333.000000
338.000000
287.000000
335.000000
276.000000
333.000000
387.000000
337.000000
445.000000
572.000000
555.000000
556.000000
394.000000
442.000000
448.000000
443.000000
449.000000
337.000000
278.000000
240.000000
448.000000
388.000000
453.000000
389.000000
393.000000
500.000000
504.000000
512.000000
500.000000
499.000000
392.000000
393.000000
398.000000
390.000000
387.000000
390.000000
330.000000
276.000000
276.000000
335.000000
278.000000
334.000000
385.000000
339.000000
386.000000
389.000000
393.000000
332.000000
398.000000
389.000000
395.000000
447.000000
92554.000000
390.000000
223.000000
223.000000
454.000000
449.000000
277.000000
447.000000
390.000000
387.000000
225.000000
494.000000
279.000000
285.000000
448.000000
494.000000
495.000000
334.000000
400.000000
335.000000
276.000000
282.000000
279.000000
275.000000
332.000000
341.000000
112.000000
104302.000000
