654.000000
596.000000
655.000000
441.000000
486.000000
439.000000
491.000000
756.000000
597.000000
748.000000
546.000000
647.000000
546.000000
491.000000
646.000000
550.000000
552.000000
597.000000
548.000000
489.000000
545.000000
543.000000
594.000000
550.000000
604.000000
547.000000
652.000000
601.000000
651.000000
540.000000
546.000000
593.000000
646.000000
704.000000
547.000000
546.000000
655.000000
649.000000
595.000000
543.000000
541.000000
599.000000
495.000000
24611.000000
705.000000
600.000000
597.000000
704.000000
648.000000
597.000000
588.000000
493.000000
548.000000
599.000000
706.000000
702.000000
809.000000
600.000000
543.000000
485.000000
540.000000
542.000000
29753.000000
599.000000
545.000000
593.000000
605.000000
434.000000
384.000000
487.000000
694.000000
706.000000
538.000000
541.000000
539.000000
601.000000
598.000000
604.000000
598.000000
646.000000
714.000000
659.000000
706.000000
703.000000
650.000000
882.000000
708.000000
651.000000
714.000000
811.000000
655.000000
652.000000
600.000000
598.000000
542.000000
652.000000
661.000000
646.000000
650.000000
704.000000
713.000000
642.000000
598.000000
649.000000
709.000000
597.000000
545.000000
550.000000
607.000000
649.000000
714.000000
923.000000
815.000000
767.000000
550.000000
541.000000
493.000000
490.000000
548.000000
770.000000
594.000000
544.000000
550.000000
804.000000
593.000000
540.000000
705.000000
816.000000
546.000000
653.000000
760.000000
763.000000
539.000000
652.000000
593.000000
759.000000
702.000000
648.000000
706.000000
598.000000
594.000000
603.000000
593.000000
597.000000
547.000000
703.000000
700.000000
707.000000
649.000000
654.000000
598.000000
711.000000
598.000000
650.000000
706.000000
600.000000
598.000000
539.000000
542.000000
704.000000
651.000000
812.000000
702.000000
650.000000
596.000000
550.000000
705.000000
707.000000
771.000000
758.000000
760.000000
707.000000
703.000000
868.000000
812.000000
821.000000
609.000000
545.000000
488.000000
493.000000
439.000000
485.000000
487.000000
548.000000
433.000000
434.000000
434.000000
36510.000000
438.000000
490.000000
453.000000
605.000000
762.000000
808.000000
713.000000
604.000000
593.000000
722.000000
705.000000
547.000000
494.000000
489.000000
707.000000
817.000000
1042.000000
543.000000
643.000000
546.000000
539.000000
548.000000
703.000000
540.000000
542.000000
547.000000
542.000000
707.000000
707.000000
595.000000
598.000000
551.000000
542.000000
541.000000
545.000000
659.000000
660.000000
550.000000
547.000000
548.000000
761.000000
603.000000
599.000000
24514.000000
595.000000
651.000000
709.000000
706.000000
701.000000
761.000000
656.000000
594.000000
598.000000
549.000000
549.000000
600.000000
596.000000
603.000000
655.000000
599.000000
598.000000
545.000000
546.000000
711.000000
550.000000
486.000000
544.000000
543.000000
12848.000000
543.000000
551.000000
650.000000
603.000000
1011.000000
606.000000
543.000000
820.000000
817.000000
656.000000
599.000000
651.000000
610.000000
599.000000
492.000000
706.000000
655.000000
539.000000
497.000000
594.000000
594.000000
700.000000
601.000000
807.000000
717.000000
708.000000
864.000000
655.000000
652.000000
598.000000
547.000000
28204.000000
541.000000
544.000000
591.000000
594.000000
702.000000
711.000000
490.000000
538.000000
441.000000
435.000000
434.000000
594.000000
28682.000000
538.000000
601.000000
644.000000
708.000000
707.000000
597.000000
706.000000
649.000000
712.000000
763.000000
550.000000
765.000000
593.000000
651.000000
656.000000
706.000000
604.000000
26220.000000
593.000000
649.000000
651.000000
754.000000
756.000000
593.000000
708.000000
702.000000
653.000000
807.000000
601.000000
703.000000
658.000000
707.000000
710.000000
593.000000
600.000000
661.000000
550.000000
540.000000
547.000000
547.000000
592.000000
547.000000
650.000000
596.000000
596.000000
596.000000
596.000000
545.000000
542.000000
705.000000
597.000000
542.000000
811.000000
702.000000
593.000000
720.000000
807.000000
706.000000
811.000000
653.000000
702.000000
597.000000
706.000000
594.000000
605.000000
701.000000
647.000000
553.000000
713.000000
657.000000
26218.000000
602.000000
658.000000
700.000000
547.000000
713.000000
488.000000
598.000000
704.000000
811.000000
942.000000
601.000000
543.000000
539.000000
540.000000
539.000000
651.000000
593.000000
656.000000
650.000000
706.000000
706.000000
612.000000
600.000000
595.000000
754.000000
648.000000
599.000000
709.000000
765.000000
702.000000
710.000000
700.000000
657.000000
590.000000
607.000000
539.000000
547.000000
547.000000
28423.000000
656.000000
540.000000
489.000000
491.000000
647.000000
651.000000
651.000000
601.000000
654.000000
543.000000
601.000000
662.000000
597.000000
545.000000
649.000000
698.000000
710.000000
709.000000
754.000000
759.000000
547.000000
644.000000
594.000000
379.000000
544.000000
547.000000
607.000000
651.000000
544.000000
542.000000
708.000000
595.000000
599.000000
544.000000
537.000000
494.000000
493.000000
495.000000
541.000000
489.000000
436.000000
701.000000
711.000000
710.000000
612.000000
543.000000
543.000000
609.000000
597.000000
701.000000
389.000000
442.000000
541.000000
750.000000
608.000000
547.000000
599.000000
436.000000
486.000000
543.000000
379.000000
539.000000
696.000000
546.000000
596.000000
595.000000
603.000000
651.000000
545.000000
547.000000
698.000000
650.000000
710.000000
595.000000
436.000000
440.000000
489.000000
599.000000
652.000000
756.000000
593.000000
695.000000
649.000000
599.000000
649.000000
542.000000
545.000000
545.000000
713.000000
706.000000
710.000000
656.000000
654.000000
548.000000
499.000000
493.000000
542.000000
434.000000
598.000000
551.000000
596.000000
614.000000
596.000000
594.000000
547.000000
550.000000
654.000000
600.000000
915.000000
652.000000
703.000000
664.000000
705.000000
705.000000
700.000000
539.000000
437.000000
36369.000000
545.000000
667.000000
655.000000
707.000000
650.000000
650.000000
701.000000
28661.000000
487.000000
597.000000
601.000000
598.000000
545.000000
657.000000
547.000000
25142.000000
704.000000
595.000000
387.000000
384.000000
434.000000
437.000000
831.000000
1029.000000
598.000000
597.000000
498.000000
539.000000
603.000000
657.000000
435.000000
647.000000
657.000000
555.000000
712.000000
436.000000
435.000000
432.000000
552.000000
546.000000
541.000000
610.000000
651.000000
488.000000
545.000000
808.000000
594.000000
706.000000
653.000000
764.000000
654.000000
661.000000
760.000000
706.000000
486.000000
544.000000
495.000000
550.000000
541.000000
550.000000
608.000000
604.000000
495.000000
23674.000000
32646.000000
552.000000
491.000000
497.000000
601.000000
596.000000
546.000000
540.000000
549.000000
646.000000
701.000000
652.000000
758.000000
761.000000
489.000000
485.000000
486.000000
594.000000
597.000000
492.000000
379.000000
382.000000
383.000000
653.000000
653.000000
656.000000
647.000000
651.000000
757.000000
431.000000
432.000000
541.000000
541.000000
542.000000
599.000000
544.000000
552.000000
545.000000
546.000000
539.000000
606.000000
601.000000
8757.000000
757.000000
704.000000
706.000000
655.000000
824.000000
432.000000
381.000000
16422.000000
653.000000
596.000000
596.000000
648.000000
432.000000
551.000000
432.000000
483.000000
487.000000
439.000000
654.000000
647.000000
778.000000
756.000000
715.000000
652.000000
545.000000
508861.000000
808.000000
492.000000
437.000000
437.000000
593.000000
596.000000
602.000000
653.000000
599.000000
605.000000
647.000000
709.000000
597.000000
543.000000
597.000000
541.000000
755.000000
764.000000
654.000000
651.000000
545.000000
653.000000
756.000000
713.000000
707.000000
709.000000
596.000000
664.000000
594.000000
432.000000
487.000000
604.000000
663.000000
702.000000
821.000000
549.000000
492.000000
654.000000
600.000000
657.000000
391.000000
436.000000
546.000000
542.000000
493.000000
704.000000
654.000000
654.000000
489.000000
485.000000
439.000000
486.000000
489.000000
705.000000
698.000000
701.000000
658.000000
596.000000
489.000000
490.000000
595.000000
432.000000
382.000000
432.000000
593.000000
590.000000
551.000000
28415.000000
597.000000
553.000000
492.000000
600.000000
541.000000
491.000000
485.000000
542.000000
492.000000
543.000000
437.000000
491.000000
385.000000
496.000000
549.000000
596.000000
650.000000
596.000000
703.000000
764.000000
662.000000
508904.000000
762.000000
756.000000
710.000000
719.000000
653.000000
656.000000
549.000000
489.000000
488.000000
435.000000
488.000000
597.000000
593.000000
707.000000
708.000000
649.000000
491.000000
492.000000
385.000000
383.000000
541.000000
597.000000
543.000000
647.000000
550.000000
494.000000
540.000000
650.000000
604.000000
612.000000
541.000000
597.000000
599.000000
593.000000
591.000000
763.000000
701.000000
710.000000
700.000000
759.000000
918.000000
653.000000
862.000000
653.000000
543.000000
543.000000
597.000000
592.000000
606.000000
600.000000
543.000000
545.000000
486.000000
650.000000
543.000000
597.000000
650.000000
543.000000
543.000000
485.000000
543.000000
486.000000
496.000000
603.000000
695.000000
658.000000
603.000000
600.000000
545.000000
593.000000
651.000000
594.000000
493.000000
486.000000
440.000000
599.000000
539.000000
539.000000
493.000000
493.000000
655.000000
653.000000
649.000000
596.000000
593.000000
648.000000
598.000000
602.000000
761.000000
655.000000
655.000000
702.000000
652.000000
543.000000
542.000000
543.000000
547.000000
600.000000
604.000000
540.000000
596.000000
715.000000
702.000000
601.000000
648.000000
651.000000
543.000000
549.000000
543.000000
485.000000
483.000000
28458.000000
539.000000
487.000000
544.000000
437.000000
541.000000
541.000000
544.000000
594.000000
546.000000
545.000000
703.000000
705.000000
598.000000
596.000000
548.000000
538.000000
545.000000
551.000000
603.000000
598.000000
539.000000
542.000000
597.000000
543.000000
544.000000
781.000000
817.000000
769.000000
597.000000
439.000000
437.000000
593.000000
493.000000
542.000000
546.000000
704.000000
703.000000
552.000000
541.000000
595.000000
548.000000
549.000000
546.000000
438.000000
490.000000
647.000000
541.000000
385.000000
609.000000
597.000000
718.000000
710.000000
761.000000
608.000000
596.000000
649.000000
649.000000
20775.000000
654.000000
489.000000
435.000000
329.000000
436.000000
594.000000
712.000000
646.000000
720.000000
707.000000
659.000000
701.000000
597.000000
704.000000
648.000000
492.000000
543.000000
644.000000
539.000000
600.000000
596.000000
593.000000
650.000000
546.000000
488.000000
493.000000
435.000000
545.000000
606.000000
498.000000
809.000000
595.000000
604.000000
592.000000
594.000000
541.000000
539.000000
434.000000
434.000000
381.000000
428.000000
547.000000
598.000000
604.000000
595.000000
598.000000
757.000000
1249.000000
780.000000
918.000000
541.000000
541.000000
541.000000
545.000000
595.000000
714.000000
661.000000
751.000000
541.000000
546.000000
545.000000
487.000000
12866.000000
650.000000
759.000000
653.000000
969.000000
656.000000
778.000000
709.000000
716.000000
19869.000000
647.000000
703.000000
653.000000
550.000000
597.000000
601.000000
592.000000
540.000000
493.000000
647.000000
653.000000
652.000000
552.000000
492.000000
765.000000
768.000000
657.000000
603.000000
597.000000
718.000000
548.000000
760.000000
817.000000
706.000000
706.000000
758.000000
707.000000
16792.000000
547.000000
546.000000
761.000000
653.000000
594.000000
492.000000
489.000000
488.000000
647.000000
603.000000
597.000000
378.000000
594.000000
652.000000
765.000000
486.000000
711.000000
648.000000
701.000000
3318.000000
705.000000
603.000000
597.000000
602.000000
545.000000
606.000000
599.000000
611.000000
27615.000000
597.000000
539.000000
539.000000
591.000000
491.000000
492.000000
545.000000
542.000000
543.000000
603.000000
756.000000
757.000000
652.000000
543.000000
593.000000
601.000000
597.000000
495.000000
541.000000
542.000000
592.000000
489.000000
709.000000
654.000000
439.000000
435.000000
546.000000
542.000000
553.000000
551.000000
543.000000
539.000000
809.000000
712.000000
711.000000
765.000000
655.000000
770.000000
595.000000
594.000000
596.000000
810.000000
650.000000
706.000000
592.000000
543.000000
593.000000
598.000000
544.000000
545.000000
646.000000
765.000000
710.000000
759.000000
655.000000
608.000000
704.000000
767.000000
653.000000
649.000000
485.000000
598.000000
431.000000
543.000000
486.000000
537.000000
869.000000
659.000000
648.000000
543.000000
609.000000
603.000000
602.000000
542.000000
430.000000
435.000000
436.000000
432.000000
489.000000
497.000000
648.000000
603.000000
764.000000
494.000000
436.000000
435.000000
486.000000
495.000000
651.000000
703.000000
657.000000
651.000000
647.000000
596.000000
707.000000
815.000000
703.000000
603.000000
594.000000
542.000000
489.000000
606.000000
650.000000
36516.000000
657.000000
762.000000
542.000000
593.000000
605.000000
605.000000
649.000000
598.000000
650.000000
649.000000
707.000000
707.000000
650.000000
594.000000
606.000000
599.000000
495.000000
713.000000
870.000000
650.000000
595.000000
595.000000
436.000000
594.000000
598.000000
642.000000
594.000000
540.000000
755.000000
656.000000
495.000000
545.000000
489.000000
486.000000
431.000000
432.000000
435.000000
491.000000
650.000000
709.000000
653.000000
596.000000
546.000000
595.000000
756.000000
592.000000
490.000000
442.000000
656.000000
599.000000
653.000000
378.000000
601.000000
652.000000
543.000000
486.000000
492.000000
490.000000
490.000000
541.000000
650.000000
450.000000
488.000000
487.000000
598.000000
545.000000
711.000000
595.000000
761.000000
597.000000
548.000000
494.000000
721.000000
486.000000
439.000000
432.000000
436.000000
435.000000
434.000000
649.000000
547.000000
543.000000
491.000000
708.000000
704.000000
698.000000
556.000000
546.000000
550.000000
701.000000
876.000000
593.000000
434.000000
494.000000
540.000000
608.000000
595.000000
605.000000
600.000000
489.000000
489.000000
494.000000
543.000000
598.000000
597.000000
544.000000
545.000000
498.000000
498.000000
496.000000
551.000000
546.000000
756.000000
647.000000
666.000000
489.000000
432.000000
492.000000
380.000000
492.000000
649.000000
441.000000
485.000000
606.000000
703.000000
663.000000
664.000000
757.000000
597.000000
600.000000
648.000000
594.000000
658.000000
432.000000
602.000000
490.000000
493.000000
489.000000
544.000000
647.000000
593.000000
431.000000
550.000000
549.000000
644.000000
544.000000
648.000000
592.000000
491.000000
541.000000
436.000000
384.000000
647.000000
655.000000
545.000000
655.000000
542.000000
596.000000
914.000000
1180.000000
601.000000
647.000000
539.000000
595.000000
541.000000
544.000000
811.000000
546.000000
592.000000
593.000000
544.000000
761.000000
764.000000
545.000000
653.000000
606.000000
700.000000
597.000000
28777.000000
547.000000
595.000000
595.000000
549.000000
652.000000
758.000000
764.000000
599.000000
599.000000
703.000000
493.000000
594.000000
547.000000
553.000000
606.000000
545.000000
771.000000
763.000000
756.000000
760.000000
821.000000
758.000000
703.000000
607.000000
598.000000
709.000000
711.000000
760.000000
809.000000
596.000000
547.000000
594.000000
493.000000
489.000000
547.000000
543.000000
549.000000
644.000000
617.000000
651.000000
763.000000
669.000000
650.000000
655.000000
599.000000
754.000000
814.000000
644.000000
544.000000
658.000000
654.000000
659.000000
714.000000
596.000000
539.000000
494.000000
438.000000
433.000000
432.000000
543.000000
547.000000
597.000000
541.000000
28529.000000
438.000000
603.000000
599.000000
545.000000
540.000000
543.000000
602.000000
602.000000
600.000000
493.000000
551.000000
593.000000
600.000000
599.000000
495.000000
492.000000
497.000000
497.000000
650.000000
600.000000
548.000000
704.000000
490.000000
383.000000
382.000000
709.000000
658.000000
708.000000
599.000000
548.000000
608.000000
495.000000
486.000000
539.000000
539.000000
602.000000
545.000000
548.000000
541.000000
485.000000
538.000000
548.000000
492.000000
649.000000
595.000000
649.000000
650.000000
601.000000
544.000000
542.000000
596.000000
715.000000
655.000000
598.000000
544.000000
549.000000
598.000000
814.000000
644.000000
543.000000
548.000000
655.000000
598.000000
541.000000
721.000000
711.000000
657.000000
437.000000
436.000000
702.000000
643.000000
489.000000
437.000000
539.000000
550.000000
488.000000
549.000000
653.000000
770.000000
826.000000
595.000000
542.000000
544.000000
600.000000
718.000000
647.000000
608.000000
600.000000
656.000000
758.000000
710.000000
593.000000
653.000000
548.000000
431.000000
431.000000
437.000000
652.000000
599.000000
603.000000
646.000000
547.000000
595.000000
542.000000
492.000000
541.000000
599.000000
706.000000
760.000000
652.000000
593.000000
706.000000
658.000000
489.000000
541.000000
486.000000
540.000000
595.000000
704.000000
596.000000
526497.000000
874.000000
705.000000
760.000000
605.000000
596.000000
648.000000
593.000000
600.000000
559.000000
547.000000
550.000000
591.000000
596.000000
651.000000
756.000000
654.000000
654.000000
601.000000
602.000000
649.000000
492.000000
766.000000
712.000000
706.000000
598.000000
756.000000
661.000000
493.000000
497.000000
551.000000
654.000000
488.000000
548.000000
643.000000
542.000000
545.000000
541.000000
546.000000
597.000000
28701.000000
518700.000000
598.000000
701.000000
819.000000
599.000000
603.000000
596.000000
593.000000
755.000000
818.000000
646.000000
644.000000
707.000000
657.000000
605.000000
597.000000
597.000000
645.000000
707.000000
647.000000
20762.000000
865.000000
883.000000
928.000000
438.000000
434.000000
382.000000
486.000000
816.000000
654.000000
537133.000000
654.000000
710.000000
815.000000
762.000000
651.000000
548.000000
545.000000
663.000000
764.000000
707.000000
654.000000
543.000000
599.000000
498.000000
500.000000
437.000000
753.000000
704.000000
600.000000
544.000000
600.000000
499.000000
547.000000
597.000000
756.000000
714.000000
543.000000
435.000000
436.000000
443.000000
487.000000
437.000000
493.000000
491.000000
28352.000000
762.000000
599.000000
656.000000
598.000000
649.000000
659.000000
658.000000
602.000000
493.000000
711.000000
598.000000
659.000000
597.000000
26509.000000
753.000000
602.000000
765.000000
602.000000
543.000000
541.000000
547.000000
543.000000
493.000000
493.000000
492.000000
435.000000
499.000000
433.000000
504.000000
503.000000
860.000000
661.000000
755.000000
871.000000
704.000000
543.000000
649.000000
540.000000
605.000000
764.000000
702.000000
702.000000
706.000000
701.000000
707.000000
656.000000
598.000000
501.000000
649.000000
590.000000
543.000000
600.000000
432.000000
438.000000
594.000000
489.000000
598.000000
653.000000
486.000000
511.000000
640.000000
708.000000
542.000000
543.000000
546.000000
596.000000
445.000000
542.000000
438.000000
490.000000
432.000000
431.000000
597.000000
612.000000
706.000000
599.000000
711.000000
756.000000
698.000000
599.000000
539.000000
26373.000000
542.000000
754.000000
707.000000
705.000000
541.000000
704.000000
704.000000
537.000000
765.000000
766.000000
704.000000
707.000000
549.000000
605.000000
544.000000
597.000000
662.000000
647.000000
762.000000
706.000000
860.000000
491.000000
513747.000000
600.000000
600.000000
654.000000
650.000000
654.000000
699.000000
702.000000
654.000000
433.000000
438.000000
541.000000
547.000000
486.000000
547.000000
599.000000
439.000000
599.000000
655.000000
714.000000
776.000000
707.000000
712.000000
820.000000
652.000000
658.000000
489.000000
495.000000
542.000000
489.000000
486.000000
486.000000
490.000000
489.000000
556.000000
515210.000000
599.000000
603.000000
975.000000
763.000000
697.000000
646.000000
594.000000
652.000000
491.000000
545.000000
646.000000
764.000000
703.000000
658.000000
704.000000
485.000000
439.000000
434.000000
442.000000
448.000000
487.000000
599.000000
553.000000
548.000000
543.000000
496.000000
546.000000
641.000000
546.000000
653.000000
548.000000
599.000000
543.000000
544.000000
544.000000
547.000000
599.000000
444.000000
434.000000
546.000000
438.000000
538.000000
597.000000
543.000000
488.000000
607.000000
539.000000
544.000000
594.000000
602.000000
599.000000
708.000000
489.000000
655.000000
656.000000
644.000000
543.000000
381.000000
498.000000
493.000000
495.000000
599.000000
599.000000
766.000000
872.000000
724.000000
770.000000
760.000000
655.000000
603.000000
540.000000
606.000000
598.000000
603.000000
695.000000
652.000000
652.000000
659.000000
647.000000
648.000000
544.000000
540.000000
653.000000
548.000000
589.000000
436.000000
436.000000
494.000000
596.000000
486.000000
714.000000
759.000000
815.000000
607.000000
495.000000
495.000000
539.000000
431.000000
432.000000
645.000000
603.000000
757.000000
593.000000
597.000000
542.000000
491.000000
549.000000
657.000000
709.000000
648.000000
707.000000
593.000000
544.000000
487.000000
433.000000
543.000000
439.000000
594.000000
497.000000
431.000000
446.000000
544.000000
543.000000
449.000000
542.000000
436.000000
487.000000
609.000000
598.000000
546.000000
656.000000
647.000000
491.000000
543.000000
606.000000
545.000000
610.000000
547.000000
599.000000
28671.000000
550.000000
542.000000
596.000000
758.000000
756.000000
761.000000
762.000000
758.000000
754.000000
378.000000
439.000000
440.000000
537.000000
434.000000
542.000000
704.000000
756.000000
767.000000
649.000000
649.000000
596.000000
595.000000
547.000000
544.000000
658.000000
661.000000
548.000000
592.000000
655.000000
552.000000
647.000000
594.000000
594.000000
603.000000
763.000000
491.000000
493.000000
598.000000
704.000000
544.000000
600.000000
810.000000
598.000000
24649.000000
651.000000
758.000000
712.000000
814.000000
761.000000
753.000000
653.000000
551.000000
539.000000
542.000000
645.000000
550.000000
539.000000
503500.000000
604.000000
558.000000
598.000000
603.000000
603.000000
605.000000
597.000000
592.000000
647.000000
654.000000
654.000000
708.000000
558.000000
546.000000
652.000000
539.000000
542.000000
600.000000
656.000000
493.000000
543.000000
646.000000
649.000000
650.000000
762.000000
494.000000
607.000000
599.000000
716.000000
604.000000
832.000000
760.000000
764.000000
714.000000
607.000000
546.000000
545.000000
431.000000
431.000000
488.000000
587.000000
489.000000
548.000000
606.000000
487.000000
431.000000
435.000000
378.000000
377.000000
486.000000
598.000000
540.000000
596.000000
812.000000
711.000000
653.000000
653.000000
648.000000
653.000000
653.000000
707.000000
765.000000
655.000000
544.000000
753.000000
596.000000
661.000000
559.000000
706.000000
599.000000
602.000000
654.000000
1031.000000
768.000000
767.000000
766.000000
596.000000
701.000000
707.000000
595.000000
542.000000
657.000000
654.000000
486.000000
488.000000
555.000000
493.000000
601.000000
548.000000
493.000000
485.000000
655.000000
657.000000
657.000000
756.000000
920.000000
707.000000
821.000000
655.000000
542.000000
648.000000
599.000000
699.000000
548.000000
543.000000
542.000000
595.000000
593.000000
653.000000
540.000000
595.000000
600.000000
602.000000
704.000000
754.000000
762.000000
652.000000
656.000000
496.000000
553.000000
646.000000
617.000000
487.000000
706.000000
488.000000
541.000000
507.000000
545.000000
502.000000
492.000000
491.000000
594.000000
611.000000
706.000000
437.000000
539.000000
652.000000
651.000000
651.000000
708.000000
599.000000
817.000000
542.000000
599.000000
606.000000
716.000000
595.000000
648.000000
431.000000
487.000000
492.000000
443.000000
379.000000
596.000000
598.000000
550.000000
609.000000
757.000000
489.000000
431.000000
598.000000
703.000000
702.000000
598.000000
545.000000
651.000000
657.000000
765.000000
602.000000
546.000000
485.000000
535.000000
654.000000
646.000000
599.000000
595.000000
651.000000
657.000000
600.000000
610.000000
541.000000
435.000000
917.000000
489.000000
596.000000
708.000000
596.000000
608.000000
543.000000
550.000000
546.000000
599.000000
653.000000
548.000000
388.000000
438.000000
484.000000
439.000000
434.000000
437.000000
546.000000
539.000000
549.000000
712.000000
602.000000
645.000000
648.000000
646.000000
539.000000
653.000000
598.000000
701.000000
542.000000
813.000000
488.000000
486.000000
545.000000
596.000000
811.000000
713.000000
710.000000
600.000000
594.000000
544.000000
541.000000
754.000000
810.000000
765.000000
861.000000
810.000000
710.000000
608.000000
605.000000
487.000000
490.000000
491.000000
598.000000
653.000000
595.000000
488.000000
710.000000
655.000000
659.000000
605.000000
650.000000
486.000000
434.000000
537.000000
760.000000
809.000000
657.000000
657.000000
758.000000
544.000000
650.000000
702.000000
496.000000
546.000000
544.000000
599.000000
20866.000000
656.000000
710.000000
654.000000
762.000000
763.000000
541.000000
545.000000
28508.000000
553.000000
492.000000
434.000000
444.000000
441.000000
439.000000
497.000000
708.000000
700.000000
540.000000
543.000000
709.000000
594.000000
598.000000
701.000000
650.000000
492.000000
541.000000
607.000000
610.000000
542.000000
552.000000
600.000000
545.000000
597.000000
489.000000
539.000000
501.000000
990.000000
652.000000
545.000000
28469.000000
548.000000
709.000000
655.000000
655.000000
703.000000
544.000000
545.000000
657.000000
539.000000
648.000000
663.000000
492.000000
486.000000
484.000000
601.000000
648.000000
602.000000
928.000000
600.000000
601.000000
754.000000
703.000000
661.000000
603.000000
756.000000
761.000000
704.000000
757.000000
650.000000
704.000000
489.000000
598.000000
650.000000
653.000000
599.000000
601.000000
596.000000
598.000000
706.000000
611.000000
662.000000
601.000000
550.000000
653.000000
548.000000
440.000000
499.000000
491.000000
751.000000
775.000000
652.000000
654.000000
553.000000
602.000000
543.000000
542.000000
553.000000
545.000000
545.000000
602.000000
492.000000
32360.000000
600.000000
651.000000
381.000000
380.000000
438.000000
485.000000
648.000000
604.000000
811.000000
811.000000
872.000000
598.000000
593.000000
545.000000
596.000000
546.000000
594.000000
540.000000
513398.000000
658.000000
708.000000
598.000000
600.000000
489.000000
546.000000
543.000000
487.000000
542.000000
649.000000
658.000000
495.000000
714.000000
649.000000
865.000000
698.000000
710.000000
816.000000
700.000000
701.000000
654.000000
596.000000
597.000000
546.000000
489.000000
495.000000
540.000000
499.000000
546.000000
438.000000
542.000000
541.000000
485.000000
551.000000
483.000000
542.000000
542.000000
488.000000
649.000000
542.000000
548.000000
500.000000
486.000000
488.000000
596.000000
871.000000
712.000000
965.000000
711.000000
646.000000
600.000000
589.000000
494.000000
489.000000
540.000000
588.000000
498.000000
703.000000
653.000000
710.000000
703.000000
715.000000
719.000000
813.000000
13085.000000
700.000000
866.000000
542.000000
649.000000
541.000000
541.000000
598.000000
494.000000
435.000000
760.000000
599.000000
600.000000
702.000000
599.000000
601.000000
600.000000
490.000000
489.000000
485.000000
487.000000
603.000000
592.000000
878.000000
648.000000
489.000000
432.000000
432.000000
702.000000
596.000000
713.000000
599.000000
28343.000000
600.000000
493.000000
488.000000
493.000000
651.000000
702.000000
606.000000
1249.000000
806.000000
599.000000
814.000000
544.000000
818.000000
605.000000
540.000000
493.000000
540.000000
657.000000
764.000000
757.000000
650.000000
593.000000
601.000000
543.000000
592.000000
540.000000
547.000000
597.000000
499.000000
547.000000
652.000000
659.000000
655.000000
653.000000
601.000000
597.000000
758.000000
699.000000
545.000000
551.000000
600.000000
596.000000
540.000000
540.000000
433.000000
548.000000
539.000000
547.000000
547.000000
601.000000
598.000000
593.000000
594.000000
539.000000
539.000000
550.000000
436.000000
488.000000
494.000000
600.000000
603.000000
544.000000
490.000000
601.000000
652.000000
769.000000
863.000000
602.000000
875.000000
546.000000
701.000000
595.000000
594.000000
601.000000
810.000000
597.000000
754.000000
596.000000
599.000000
596.000000
544.000000
551.000000
548.000000
597.000000
704.000000
703.000000
653.000000
647.000000
756.000000
657.000000
648.000000
596.000000
649.000000
593.000000
605.000000
543.000000
591.000000
654.000000
756.000000
17277.000000
541.000000
651.000000
599.000000
659.000000
715.000000
703.000000
772.000000
708.000000
876.000000
604.000000
539.000000
489.000000
488.000000
432.000000
486.000000
433.000000
759.000000
706.000000
609.000000
596.000000
612.000000
603.000000
647.000000
755.000000
812.000000
611.000000
871.000000
610.000000
553.000000
542.000000
550.000000
437.000000
489.000000
543.000000
431.000000
547.000000
540.000000
493.000000
432.000000
605.000000
439.000000
486.000000
386.000000
437.000000
603.000000
436.000000
596.000000
548.000000
487.000000
434.000000
492.000000
434.000000
35915.000000
500.000000
496.000000
595.000000
711.000000
652.000000
707.000000
547.000000
432.000000
382.000000
526781.000000
542.000000
708.000000
536.000000
378.000000
383.000000
330.000000
537.000000
547.000000
434.000000
546.000000
655.000000
703.000000
769.000000
706.000000
706.000000
606.000000
543.000000
598.000000
549.000000
753.000000
874.000000
608.000000
599.000000
491.000000
437.000000
491.000000
652.000000
837.000000
707.000000
704.000000
651.000000
543.000000
664.000000
754.000000
649.000000
596.000000
551.000000
597.000000
598.000000
597.000000
543.000000
488.000000
438.000000
434.000000
549.000000
756.000000
657.000000
650.000000
600.000000
543.000000
544.000000
542.000000
648.000000
593.000000
598.000000
658.000000
607.000000
655.000000
489.000000
551.000000
544.000000
438.000000
544.000000
757.000000
544.000000
487.000000
495.000000
598.000000
437.000000
441.000000
431.000000
437.000000
493.000000
489.000000
650.000000
760.000000
759.000000
810.000000
723.000000
543.000000
593.000000
651.000000
649.000000
765.000000
764.000000
443.000000
438.000000
649.000000
667.000000
712.000000
867.000000
824.000000
492.000000
19824.000000
752.000000
591.000000
545.000000
495.000000
544.000000
599.000000
705.000000
596.000000
653.000000
715.000000
765.000000
651.000000
651.000000
601.000000
434.000000
439.000000
539.000000
434.000000
431.000000
545.000000
558.000000
595.000000
650.000000
821.000000
707.000000
651.000000
710.000000
596.000000
551.000000
596.000000
593.000000
594.000000
598.000000
706.000000
705.000000
809.000000
700.000000
751.000000
648.000000
654.000000
544.000000
658.000000
653.000000
759.000000
657.000000
654.000000
593.000000
666.000000
645.000000
865.000000
490.000000
546.000000
489.000000
660.000000
650.000000
760.000000
873.000000
654.000000
649.000000
758.000000
710.000000
660.000000
596.000000
492.000000
543.000000
545.000000
707.000000
598.000000
711.000000
711.000000
651.000000
663.000000
552.000000
537.000000
537.000000
486.000000
555.000000
647.000000
600.000000
597.000000
658.000000
490.000000
595.000000
542.000000
543.000000
605.000000
541.000000
601.000000
547.000000
381.000000
430.000000
654.000000
708.000000
656.000000
488.000000
539.000000
486.000000
540.000000
593.000000
492.000000
487.000000
500.000000
764.000000
822.000000
706.000000
704.000000
750.000000
700.000000
539.000000
664.000000
647.000000
711.000000
703.000000
754.000000
698.000000
493.000000
599.000000
596.000000
539.000000
704.000000
650.000000
722.000000
703.000000
655.000000
594.000000
543.000000
487.000000
492.000000
602.000000
514474.000000
598.000000
657.000000
599.000000
598.000000
542.000000
543.000000
608.000000
603.000000
550.000000
657.000000
765.000000
542.000000
598.000000
599.000000
548.000000
499.000000
763.000000
543.000000
541.000000
592.000000
495.000000
37258.000000
436.000000
544.000000
540.000000
602.000000
600.000000
598.000000
595.000000
650.000000
609.000000
547.000000
608.000000
599.000000
594.000000
705.000000
658.000000
653.000000
751.000000
656.000000
651.000000
550.000000
601.000000
492.000000
495.000000
543.000000
596.000000
703.000000
540.000000
814.000000
705.000000
708.000000
596.000000
487.000000
704.000000
652.000000
543.000000
548.000000
497.000000
662.000000
710.000000
649.000000
701.000000
590.000000
539.000000
28515.000000
759.000000
540.000000
608.000000
607.000000
599.000000
597.000000
646.000000
594.000000
593.000000
591.000000
600.000000
650.000000
601.000000
646.000000
542.000000
652.000000
703.000000
705.000000
653.000000
652.000000
659.000000
648.000000
595.000000
491.000000
495.000000
488.000000
542.000000
595.000000
551.000000
812.000000
661.000000
543.000000
647.000000
21663.000000
648.000000
651.000000
591.000000
603.000000
487.000000
594.000000
597.000000
549.000000
543.000000
543.000000
650.000000
542.000000
554.000000
649.000000
655.000000
708.000000
708.000000
541.000000
539.000000
538.000000
543.000000
596.000000
644.000000
487.000000
596.000000
593.000000
545.000000
599.000000
660.000000
704.000000
594.000000
542.000000
545.000000
545.000000
542.000000
29646.000000
659.000000
600.000000
760.000000
757.000000
771.000000
543.000000
491.000000
595.000000
543.000000
433.000000
486.000000
606.000000
601.000000
593.000000
713.000000
758.000000
653.000000
756.000000
926.000000
707.000000
653.000000
654.000000
595.000000
546.000000
704.000000
713.000000
593.000000
607.000000
540.000000
540.000000
595.000000
602.000000
598.000000
486.000000
545.000000
642.000000
758.000000
751.000000
654.000000
592.000000
490.000000
486.000000
550.000000
707.000000
716.000000
547.000000
543.000000
554.000000
598.000000
695.000000
539.000000
550.000000
603.000000
706.000000
654.000000
599.000000
597.000000
704.000000
602.000000
541.000000
545.000000
653.000000
758.000000
713.000000
651.000000
546.000000
597.000000
709.000000
543.000000
763.000000
651.000000
597.000000
594.000000
595.000000
651.000000
571177.000000
491.000000
704.000000
548.000000
543.000000
599.000000
539.000000
770.000000
646.000000
548.000000
646.000000
592.000000
820.000000
651.000000
379.000000
337.000000
545.000000
603.000000
704.000000
811.000000
598.000000
596.000000
544.000000
543.000000
546.000000
757.000000
814.000000
603.000000
599.000000
602.000000
711.000000
658.000000
605.000000
23045.000000
540.000000
644.000000
492.000000
433.000000
486.000000
547.000000
595.000000
596.000000
606.000000
598.000000
599.000000
595.000000
596.000000
804.000000
546.000000
550.000000
605.000000
544.000000
493.000000
696.000000
593.000000
547.000000
597.000000
601.000000
544.000000
490.000000
553.000000
598.000000
595.000000
754.000000
601.000000
701.000000
601.000000
594.000000
597.000000
592.000000
597.000000
544.000000
546.000000
488.000000
548.000000
542.000000
494.000000
603.000000
551.000000
702.000000
865.000000
813.000000
24859.000000
488.000000
654.000000
602.000000
656.000000
597.000000
543.000000
546.000000
552.000000
547.000000
598.000000
597.000000
755.000000
817.000000
659.000000
647.000000
658.000000
335.000000
494.000000
536.000000
600.000000
596.000000
544.000000
542.000000
546.000000
550.000000
671.000000
654.000000
596.000000
595.000000
712.000000
599.000000
602.000000
663.000000
648.000000
660.000000
595.000000
600.000000
601.000000
650.000000
708.000000
810.000000
828.000000
814.000000
1082.000000
921.000000
649.000000
647.000000
604.000000
594.000000
601.000000
597.000000
906.000000
653.000000
600.000000
546.000000
539.000000
704.000000
594.000000
435.000000
494.000000
385.000000
378.000000
489.000000
487.000000
592.000000
596.000000
593.000000
438.000000
648.000000
593.000000
601.000000
600.000000
869.000000
659.000000
708.000000
647.000000
652.000000
492.000000
539.000000
542.000000
593.000000
753.000000
594.000000
546.000000
537.000000
655.000000
539.000000
491.000000
486.000000
596.000000
553.000000
542.000000
599.000000
658.000000
546.000000
600.000000
596.000000
874.000000
704.000000
601.000000
600.000000
598.000000
498.000000
490.000000
543.000000
595.000000
436.000000
650.000000
549.000000
550.000000
647.000000
547.000000
651.000000
596.000000
593.000000
596.000000
819.000000
706.000000
548.000000
598.000000
602.000000
655.000000
547.000000
596.000000
657.000000
715.000000
713.000000
712.000000
540.000000
711.000000
706.000000
702.000000
858.000000
703.000000
710.000000
594.000000
596.000000
706.000000
764.000000
545.000000
489.000000
758.000000
647.000000
597.000000
540.000000
380.000000
387.000000
433.000000
20514.000000
541.000000
768.000000
646.000000
547.000000
540.000000
592.000000
650.000000
702.000000
654.000000
653.000000
659.000000
649.000000
596.000000
647.000000
596.000000
652.000000
593.000000
489.000000
486.000000
486.000000
647.000000
765.000000
1142.000000
711.000000
601.000000
657.000000
770.000000
646.000000
712.000000
540.000000
543.000000
648.000000
497.000000
554.000000
552.000000
648.000000
541.000000
916.000000
811.000000
649.000000
544.000000
543.000000
547.000000
537430.000000
713.000000
710.000000
440.000000
486.000000
435.000000
436.000000
487.000000
543.000000
700.000000
710.000000
710.000000
700.000000
546.000000
441.000000
432.000000
758.000000
603.000000
594.000000
651.000000
598.000000
594.000000
544.000000
591.000000
546.000000
545.000000
652.000000
713.000000
706.000000
649.000000
541.000000
708.000000
648.000000
707.000000
546.000000
594.000000
749.000000
645.000000
541.000000
541.000000
608.000000
542.000000
652.000000
716.000000
702.000000
593.000000
596.000000
598.000000
551.000000
598.000000
592.000000
546.000000
595.000000
543.000000
537.000000
497.000000
653.000000
596.000000
597.000000
594.000000
596.000000
596.000000
652.000000
539.000000
656.000000
552.000000
700.000000
762.000000
707.000000
603.000000
599.000000
552.000000
485.000000
486.000000
490.000000
486.000000
546.000000
660.000000
657.000000
700.000000
700.000000
652.000000
661.000000
655.000000
649.000000
651.000000
812.000000
703.000000
595.000000
603.000000
713.000000
707.000000
604.000000
596.000000
601.000000
556.000000
646.000000
385.000000
550.000000
602.000000
708.000000
709.000000
596.000000
599.000000
495.000000
543.000000
487.000000
494.000000
654.000000
595.000000
601.000000
595.000000
491.000000
495.000000
437.000000
603.000000
487.000000
539.000000
381.000000
377.000000
385.000000
543.000000
539.000000
486.000000
752.000000
753.000000
542.000000
539.000000
544.000000
702.000000
703.000000
495.000000
485.000000
545.000000
546.000000
591.000000
489.000000
705.000000
547.000000
543.000000
595.000000
663.000000
545.000000
545.000000
541.000000
542.000000
648.000000
753.000000
600.000000
492.000000
489.000000
444.000000
488.000000
432.000000
485.000000
598.000000
606.000000
542.000000
599.000000
666.000000
652.000000
546.000000
386.000000
435.000000
706.000000
812.000000
594.000000
491.000000
490.000000
660.000000
601.000000
491.000000
646.000000
596.000000
655.000000
597.000000
654.000000
491.000000
547.000000
539.000000
485.000000
591.000000
491.000000
545.000000
549.000000
432.000000
492.000000
544.000000
492.000000
602.000000
548.000000
656.000000
599.000000
708.000000
548.000000
594.000000
706.000000
706.000000
703.000000
381.000000
647.000000
707.000000
659.000000
598.000000
595.000000
551.000000
597.000000
601.000000
599.000000
488.000000
496.000000
602.000000
601.000000
545.000000
433.000000
543.000000
548.000000
29097.000000
541.000000
650.000000
654.000000
651.000000
659.000000
701.000000
755.000000
600.000000
646.000000
756.000000
543.000000
543.000000
648.000000
611.000000
649.000000
648.000000
656.000000
706.000000
544.000000
701.000000
593.000000
549.000000
708.000000
600.000000
553.000000
489.000000
492.000000
484.000000
537.000000
546.000000
768.000000
825.000000
653.000000
656.000000
657.000000
491.000000
492.000000
541.000000
590.000000
551.000000
596.000000
541.000000
436.000000
434.000000
606.000000
488.000000
540.000000
492.000000
542.000000
491.000000
602.000000
542.000000
543.000000
547.000000
715.000000
760.000000
811.000000
1025.000000
809.000000
598.000000
543.000000
595.000000
492.000000
542.000000
538.000000
439.000000
656.000000
552.000000
554.000000
545.000000
436.000000
535.000000
492.000000
708.000000
654.000000
759.000000
650.000000
541.000000
546.000000
552.000000
597.000000
597.000000
760.000000
594.000000
595.000000
656.000000
605.000000
540.000000
596.000000
596.000000
701.000000
488.000000
498.000000
484.000000
484.000000
654.000000
600.000000
442.000000
545.000000
545.000000
541.000000
602.000000
613.000000
656.000000
548.000000
596.000000
651.000000
702.000000
486.000000
601.000000
540.000000
546.000000
699.000000
596.000000
650.000000
597.000000
601.000000
607.000000
544.000000
645.000000
546.000000
547.000000
595.000000
593.000000
545.000000
593.000000
548.000000
591.000000
596.000000
600.000000
596.000000
551.000000
549.000000
554.000000
539.000000
598.000000
601.000000
389.000000
544.000000
602.000000
545.000000
656.000000
767.000000
815.000000
591.000000
597.000000
432.000000
432.000000
543.000000
594.000000
699.000000
716.000000
543.000000
656.000000
656.000000
595.000000
597.000000
553.000000
544.000000
545.000000
653.000000
603.000000
649.000000
543.000000
539.000000
540.000000
539.000000
600.000000
706.000000
654.000000
655.000000
542.000000
492.000000
657.000000
601.000000
655.000000
669.000000
546.000000
24391.000000
431.000000
543.000000
546.000000
389.000000
604.000000
648.000000
705.000000
646.000000
597.000000
602.000000
759.000000
814.000000
593.000000
597.000000
600.000000
654.000000
763.000000
548.000000
544.000000
757.000000
663.000000
712.000000
754.000000
654.000000
597.000000
606.000000
651.000000
658.000000
386.000000
507171.000000
543.000000
543.000000
607.000000
600.000000
547.000000
437.000000
435.000000
544.000000
702.000000
544.000000
651.000000
758.000000
704.000000
602.000000
549.000000
547.000000
594.000000
548.000000
540.000000
543.000000
600.000000
592.000000
598.000000
546.000000
543.000000
542.000000
763.000000
600.000000
497.000000
547.000000
547.000000
709.000000
705.000000
866.000000
597.000000
592.000000
543.000000
29099.000000
487.000000
498.000000
660.000000
599.000000
645.000000
543.000000
605.000000
650.000000
709.000000
602.000000
654.000000
702.000000
766.000000
385.000000
494.000000
544.000000
665.000000
491.000000
488.000000
545.000000
545.000000
754.000000
547.000000
598.000000
594.000000
593.000000
28355.000000
651.000000
598.000000
663.000000
590.000000
490.000000
596.000000
706.000000
542.000000
490.000000
496.000000
547.000000
595.000000
604.000000
595.000000
596.000000
766.000000
20652.000000
709.000000
656.000000
605.000000
491.000000
543.000000
489.000000
384.000000
386.000000
649.000000
600.000000
812.000000
764.000000
648.000000
550.000000
598.000000
605.000000
550.000000
543.000000
595.000000
547.000000
493.000000
657.000000
654.000000
491.000000
604.000000
597.000000
755.000000
489.000000
652.000000
491.000000
439.000000
651.000000
546.000000
486.000000
490.000000
378.000000
385.000000
379.000000
548.000000
493.000000
542.000000
542.000000
549.000000
541.000000
550.000000
599.000000
595.000000
649.000000
710.000000
761.000000
549.000000
549.000000
554.000000
644.000000
595.000000
655.000000
722.000000
541.000000
547.000000
549.000000
598.000000
698.000000
547.000000
546.000000
609.000000
860.000000
707.000000
704.000000
706.000000
700.000000
870.000000
710.000000
597.000000
604.000000
817.000000
814.000000
597.000000
592.000000
651.000000
543.000000
974.000000
544.000000
538.000000
595.000000
655.000000
542.000000
489.000000
600.000000
605.000000
648.000000
608.000000
594.000000
594.000000
647.000000
614.000000
550.000000
491.000000
605.000000
599.000000
652.000000
657.000000
720.000000
715.000000
706.000000
656.000000
709.000000
596.000000
654.000000
553.000000
702.000000
774.000000
702.000000
670.000000
654.000000
652.000000
653.000000
661.000000
705.000000
706.000000
656.000000
650.000000
595.000000
599.000000
648.000000
656.000000
539.000000
652.000000
653.000000
597.000000
540.000000
32472.000000
436.000000
493.000000
545.000000
489.000000
490.000000
652.000000
593.000000
709.000000
595.000000
747.000000
700.000000
704.000000
657.000000
696.000000
543.000000
494.000000
813.000000
661.000000
649.000000
651.000000
646.000000
595.000000
548.000000
649.000000
651.000000
544.000000
595.000000
603.000000
542.000000
541.000000
546.000000
710.000000
590.000000
597.000000
545.000000
542.000000
600.000000
546.000000
651.000000
607.000000
600.000000
596.000000
653.000000
604.000000
601.000000
540.000000
494.000000
539.000000
543.000000
594.000000
594.000000
769.000000
663.000000
495.000000
491.000000
605.000000
492.000000
482.000000
542.000000
650.000000
651.000000
655.000000
611.000000
708.000000
660.000000
438.000000
437.000000
497.000000
543.000000
544.000000
544.000000
544.000000
646.000000
493.000000
495.000000
543.000000
432.000000
435.000000
600.000000
608.000000
655.000000
595.000000
595.000000
598.000000
592.000000
549.000000
545.000000
656.000000
593.000000
648.000000
601.000000
869.000000
651.000000
594.000000
607.000000
490.000000
539.000000
548.000000
598.000000
597.000000
604.000000
648.000000
596.000000
24632.000000
872.000000
653.000000
657.000000
766.000000
646.000000
720.000000
653.000000
543.000000
489.000000
553.000000
591.000000
544.000000
605.000000
609.000000
547.000000
485.000000
435.000000
541.000000
542.000000
541.000000
494.000000
441.000000
383.000000
437.000000
488.000000
544.000000
488.000000
596.000000
547.000000
649.000000
703.000000
22746.000000
547.000000
544.000000
602.000000
548.000000
646.000000
545.000000
970.000000
607.000000
703.000000
600.000000
607.000000
593.000000
592.000000
596.000000
546.000000
28444.000000
548.000000
643.000000
596.000000
546.000000
542.000000
701.000000
543.000000
540.000000
489.000000
550.000000
542.000000
603.000000
596.000000
600.000000
600.000000
655.000000
596.000000
650.000000
648.000000
711.000000
601.000000
597.000000
654.000000
594.000000
703.000000
603.000000
541.000000
1040.000000
539.000000
491.000000
598.000000
707.000000
606.000000
547.000000
772.000000
599.000000
596.000000
655.000000
703.000000
750.000000
595.000000
24526.000000
595.000000
597.000000
521041.000000
436.000000
432.000000
440.000000
443.000000
759.000000
755.000000
603.000000
539.000000
539.000000
384.000000
325.000000
431.000000
549.000000
491.000000
545.000000
487.000000
544.000000
550.000000
27297.000000
646.000000
704.000000
539.000000
601.000000
595.000000
602.000000
657.000000
655.000000
767.000000
761.000000
647.000000
650.000000
706.000000
648.000000
604.000000
613.000000
601.000000
602.000000
649.000000
704.000000
806.000000
714.000000
655.000000
777.000000
547.000000
595.000000
593.000000
487.000000
545.000000
650.000000
602.000000
652.000000
486.000000
592.000000
596.000000
596.000000
711.000000
602.000000
767.000000
651.000000
700.000000
706.000000
662.000000
655.000000
593.000000
702.000000
770.000000
658.000000
654.000000
704.000000
656.000000
650.000000
715.000000
601.000000
711.000000
650.000000
656.000000
557.000000
654.000000
708.000000
706.000000
772.000000
711.000000
654.000000
592.000000
599.000000
650.000000
707.000000
487.000000
484.000000
596.000000
544.000000
490.000000
488.000000
754.000000
755.000000
803.000000
548.000000
657.000000
717.000000
700.000000
598.000000
653.000000
486.000000
495.000000
440.000000
490.000000
975.000000
658.000000
702.000000
543.000000
594.000000
598.000000
598.000000
598.000000
771.000000
599.000000
546.000000
595.000000
544.000000
600.000000
649.000000
551.000000
497.000000
485.000000
599.000000
656.000000
754.000000
593.000000
647.000000
592.000000
593.000000
700.000000
715.000000
656.000000
486.000000
537.000000
596.000000
593.000000
537.000000
602.000000
490.000000
490.000000
547.000000
543.000000
599.000000
705.000000
645.000000
432.000000
595.000000
649.000000
489.000000
488.000000
547.000000
489.000000
489.000000
593.000000
595.000000
656.000000
650.000000
542.000000
553.000000
595.000000
653.000000
493.000000
596.000000
499.000000
597.000000
753.000000
541.000000
440.000000
540.000000
546.000000
546.000000
644.000000
596.000000
650.000000
920.000000
648.000000
701.000000
759.000000
653.000000
547.000000
756.000000
598.000000
537.000000
706.000000
595.000000
755.000000
708.000000
547.000000
599.000000
599.000000
542.000000
598.000000
591.000000
539.000000
867.000000
656.000000
700.000000
600.000000
652.000000
600.000000
598.000000
493.000000
486.000000
491.000000
596.000000
657.000000
649.000000
598.000000
488.000000
681.000000
600.000000
599.000000
595.000000
545.000000
811.000000
648.000000
703.000000
539.000000
544.000000
540.000000
547.000000
540.000000
544.000000
544.000000
603.000000
596.000000
826.000000
706.000000
656.000000
705.000000
600.000000
543.000000
868.000000
604.000000
539.000000
546.000000
647.000000
646.000000
486.000000
490.000000
383.000000
490.000000
700.000000
651.000000
656.000000
658.000000
662.000000
708.000000
762.000000
24493.000000
708.000000
706.000000
767.000000
753.000000
650.000000
659.000000
649.000000
545.000000
548.000000
489.000000
492.000000
550.000000
713.000000
661.000000
809.000000
706.000000
702.000000
648.000000
650.000000
651.000000
649.000000
754.000000
545.000000
545.000000
540.000000
595.000000
506173.000000
708.000000
810.000000
704.000000
707.000000
541.000000
544.000000
553.000000
661.000000
764.000000
823.000000
704.000000
653.000000
597.000000
597.000000
596.000000
607.000000
653.000000
702.000000
552.000000
699.000000
704.000000
707.000000
599.000000
596.000000
650.000000
603.000000
656.000000
758.000000
545.000000
655.000000
802.000000
599.000000
666.000000
596.000000
542.000000
542.000000
543.000000
600.000000
700.000000
600.000000
593.000000
598.000000
594.000000
651.000000
649.000000
532677.000000
762.000000
859.000000
654.000000
719.000000
709.000000
543.000000
977.000000
707.000000
707.000000
602.000000
435.000000
538.000000
692.000000
542.000000
602.000000
601.000000
605.000000
601.000000
702.000000
655.000000
653.000000
655.000000
825.000000
753.000000
595.000000
707.000000
546.000000
545.000000
598.000000
650.000000
665.000000
704.000000
705.000000
592.000000
603.000000
544.000000
653.000000
595.000000
659.000000
650.000000
712.000000
545.000000
563.000000
595.000000
550.000000
547.000000
595.000000
552.000000
541.000000
610.000000
546.000000
662.000000
706.000000
530274.000000
542.000000
648.000000
650.000000
764.000000
700.000000
610.000000
658.000000
700.000000
323.000000
271.000000
276.000000
271.000000
485.000000
436.000000
431.000000
433.000000
435.000000
595.000000
488.000000
486.000000
33204.000000
433.000000
755.000000
539.000000
596.000000
485.000000
31890.000000
814.000000
540.000000
543.000000
539.000000
597.000000
699.000000
722.000000
660.000000
708.000000
543.000000
649.000000
660.000000
543.000000
593.000000
494.000000
486.000000
596.000000
604.000000
552.000000
709.000000
763.000000
656.000000
760.000000
763.000000
712.000000
664.000000
604.000000
599.000000
762.000000
558.000000
501.000000
652.000000
654.000000
707.000000
653.000000
702.000000
704.000000
814.000000
596.000000
542.000000
595.000000
491.000000
599.000000
704.000000
758.000000
710.000000
706.000000
592.000000
647.000000
441.000000
485.000000
488.000000
485.000000
436.000000
436.000000
816.000000
659.000000
658.000000
543.000000
546.000000
611.000000
644.000000
700.000000
647.000000
601.000000
606.000000
486.000000
542.000000
547.000000
595.000000
487.000000
647.000000
542.000000
489.000000
492.000000
542.000000
543.000000
542.000000
544.000000
593.000000
612.000000
546.000000
548.000000
600.000000
494.000000
650.000000
593.000000
662.000000
595.000000
650.000000
660.000000
654.000000
751.000000
655.000000
593.000000
654.000000
645.000000
539.000000
602.000000
593.000000
593.000000
589.000000
489.000000
490.000000
597.000000
544.000000
597.000000
601.000000
596.000000
645.000000
606.000000
598.000000
650.000000
542.000000
598.000000
656.000000
656.000000
654.000000
595.000000
650.000000
648.000000
754.000000
654.000000
651.000000
705.000000
705.000000
658.000000
20847.000000
599.000000
755.000000
598.000000
544.000000
764.000000
593.000000
599.000000
593.000000
657.000000
600.000000
24615.000000
647.000000
550.000000
601.000000
491.000000
500.000000
540.000000
4561.000000
537.000000
647.000000
648.000000
664.000000
543.000000
649.000000
661.000000
659.000000
657.000000
596.000000
538.000000
600.000000
712.000000
716.000000
707.000000
647.000000
657.000000
978.000000
706.000000
378.000000
383.000000
385.000000
386.000000
486.000000
709.000000
808.000000
705.000000
659.000000
548.000000
488.000000
542.000000
598.000000
542.000000
595.000000
432.000000
761.000000
701.000000
723.000000
753.000000
809.000000
592.000000
547.000000
710.000000
870.000000
704.000000
714.000000
548.000000
546.000000
539.000000
543.000000
603.000000
710.000000
646.000000
709.000000
491.000000
652.000000
432.000000
438.000000
485.000000
488.000000
493.000000
543.000000
486.000000
432.000000
436.000000
485.000000
545.000000
545.000000
545.000000
652.000000
914.000000
703.000000
717.000000
857.000000
760.000000
718.000000
759.000000
721.000000
602.000000
548.000000
546.000000
651.000000
650.000000
712.000000
658.000000
874.000000
880.000000
664.000000
707.000000
653.000000
651.000000
700.000000
704.000000
707.000000
709.000000
698.000000
648.000000
606.000000
593.000000
485.000000
486.000000
543.000000
442.000000
702.000000
655.000000
549.000000
600.000000
610.000000
433.000000
437.000000
388.000000
384.000000
494.000000
598.000000
651.000000
539.000000
494.000000
485.0000