988.000000
75.000000
343.000000
64.000000
1137.000000
188.000000
7806.000000
14.000000
391.000000
246.000000
53.000000
118.000000
48.000000
10326.000000
14.000000
45.000000
57.000000
111.000000
9008.000000
22.000000
152.000000
56.000000
30.000000
80.000000
57.000000
8692.000000
33.000000
102.000000
121.000000
69.000000
50.000000
52.000000
63.000000
107.000000
93.000000
27.000000
46.000000
18.000000
21.000000
242.000000
10.000000
69.000000
46.000000
49.000000
47.000000
84.000000
67.000000
40.000000
67.000000
22.000000
96.000000
112.000000
101.000000
55.000000
62.000000
39.000000
51.000000
23.000000
16.000000
46.000000
40.000000
25.000000
23.000000
26.000000
40.000000
50.000000
42.000000
28.000000
36.000000
34.000000
85.000000
25.000000
21.000000
29.000000
38.000000
45.000000
27.000000
48.000000
78.000000
55.000000
28.000000
22.000000
56.000000
14.000000
167.000000
14.000000
26.000000
39.000000
13.000000
52.000000
64.000000
9.000000
40.000000
42.000000
78.000000
148.000000
28.000000
43.000000
33.000000
49.000000
40.000000
62.000000
8325.000000
79.000000
65.000000
28.000000
39.000000
32.000000
33.000000
101.000000
19.000000
23.000000
28.000000
90.000000
78.000000
9.000000
83.000000
10.000000
82.000000
26.000000
38.000000
28.000000
56.000000
22.000000
52.000000
38.000000
33.000000
75.000000
21.000000
10.000000
65.000000
30.000000
58.000000
46.000000
27.000000
65.000000
67.000000
24.000000
29.000000
45.000000
48.000000
81.000000
52.000000
10.000000
40.000000
39.000000
59.000000
38.000000
35.000000
8232.000000
51.000000
54.000000
46.000000
48.000000
43.000000
83.000000
38.000000
60.000000
26.000000
45.000000
120.000000
15.000000
69.000000
28.000000
75.000000
41.000000
152.000000
62.000000
54.000000
88.000000
135.000000
42.000000
45.000000
46.000000
148.000000
52.000000
56.000000
76.000000
55.000000
33.000000
36.000000
66.000000
26.000000
21.000000
46.000000
30.000000
185.000000
116.000000
97.000000
39.000000
14.000000
59.000000
26.000000
96.000000
120.000000
56.000000
9.000000
26.000000
26.000000
37.000000
41.000000
55.000000
124.000000
15.000000
10121.000000
31.000000
46.000000
37.000000
10.000000
26.000000
43.000000
28.000000
45.000000
29.000000
38.000000
75.000000
85.000000
111.000000
66.000000
89.000000
8.000000
82.000000
53.000000
68.000000
40.000000
56.000000
53.000000
38.000000
37.000000
61.000000
32.000000
135.000000
65.000000
15.000000
51.000000
116.000000
15.000000
45.000000
44.000000
66.000000
25.000000
48.000000
54.000000
170.000000
55.000000
73.000000
8034.000000
34.000000
39.000000
49.000000
40.000000
63.000000
83.000000
57.000000
26.000000
10278.000000
76.000000
80.000000
8735.000000
47.000000
50.000000
52.000000
36.000000
10.000000
45.000000
165.000000
19.000000
59.000000
60.000000
51.000000
62.000000
154.000000
46.000000
51.000000
54.000000
37.000000
50.000000
64.000000
23.000000
40.000000
25.000000
6860.000000
73.000000
10396.000000
42.000000
18.000000
61.000000
42.000000
102.000000
14.000000
42.000000
49.000000
49.000000
60.000000
34.000000
64.000000
154.000000
32.000000
48.000000
34.000000
106.000000
14.000000
112.000000
112.000000
40.000000
31.000000
83.000000
65.000000
20.000000
113.000000
95.000000
37.000000
88.000000
71.000000
45.000000
43.000000
27.000000
58.000000
72.000000
62.000000
13.000000
53.000000
65.000000
45.000000
71.000000
67.000000
50.000000
7513.000000
67.000000
125.000000
52.000000
73.000000
48.000000
48.000000
50.000000
24.000000
21.000000
17.000000
91.000000
53.000000
30.000000
124.000000
18.000000
82.000000
93.000000
18.000000
30.000000
24.000000
36.000000
9201.000000
43.000000
36.000000
78.000000
52.000000
56.000000
79.000000
127.000000
43.000000
61.000000
82.000000
97.000000
20.000000
37.000000
136.000000
13.000000
56.000000
42.000000
109.000000
104.000000
22.000000
10.000000
15.000000
7189.000000
225.000000
40.000000
23.000000
40.000000
118.000000
31.000000
20.000000
44.000000
20.000000
34.000000
94.000000
101.000000
83.000000
8474.000000
20.000000
96.000000
121.000000
14.000000
136.000000
68.000000
45.000000
148.000000
109.000000
166.000000
92.000000
75.000000
7350.000000
62.000000
31.000000
96.000000
32.000000
43.000000
11.000000
21.000000
48.000000
80.000000
21.000000
7615.000000
68.000000
55.000000
55.000000
160.000000
56.000000
15.000000
76.000000
80.000000
24.000000
137.000000
22.000000
155.000000
130.000000
75.000000
32.000000
67.000000
27.000000
55.000000
10.000000
49.000000
84.000000
57.000000
11.000000
20.000000
11726.000000
33.000000
21.000000
50.000000
97.000000
29.000000
84.000000
54.000000
17.000000
80.000000
150.000000
110.000000
11685.000000
38.000000
80.000000
112.000000
91.000000
57.000000
65.000000
177.000000
55.000000
44.000000
35.000000
57.000000
61.000000
105.000000
30.000000
57.000000
11.000000
110.000000
10.000000
40.000000
104.000000
63.000000
49.000000
33.000000
114.000000
80.000000
71.000000
45.000000
83.000000
57.000000
38.000000
39.000000
76.000000
89.000000
53.000000
63.000000
125.000000
43.000000
65.000000
148.000000
85.000000
23.000000
41.000000
42.000000
26.000000
75.000000
82.000000
39.000000
49.000000
35.000000
105.000000
8.000000
7.000000
70.000000
35.000000
59.000000
36.000000
87.000000
30.000000
114.000000
43.000000
90.000000
47.000000
94.000000
7559.000000
63.000000
89.000000
62.000000
58.000000
31.000000
12.000000
103.000000
28.000000
105.000000
87.000000
166.000000
17.000000
49.000000
85.000000
64.000000
46.000000
61.000000
48.000000
76.000000
32.000000
53.000000
38.000000
97.000000
94.000000
8409.000000
80.000000
35.000000
48.000000
4048.000000
26.000000
72.000000
33.000000
24.000000
7826.000000
68.000000
80.000000
56.000000
54.000000
46.000000
34.000000
8092.000000
139.000000
81.000000
123.000000
24.000000
14.000000
51.000000
6395.000000
94.000000
16.000000
6913.000000
65.000000
76.000000
111.000000
54.000000
29.000000
51.000000
61.000000
57.000000
55.000000
81.000000
16.000000
7.000000
102.000000
9.000000
7684.000000
38.000000
9.000000
130.000000
126.000000
61.000000
56.000000
17.000000
76.000000
66.000000
132.000000
72.000000
71.000000
78.000000
59.000000
29.000000
34.000000
34.000000
36.000000
43.000000
35.000000
32.000000
40.000000
46.000000
66.000000
153.000000
93.000000
18.000000
65.000000
51.000000
35.000000
13.000000
6869.000000
89.000000
37.000000
53.000000
31.000000
25.000000
61.000000
90.000000
103.000000
70.000000
106.000000
49.000000
83.000000
108.000000
96.000000
63.000000
82.000000
73.000000
40.000000
55.000000
43.000000
99.000000
9867.000000
90.000000
15.000000
32.000000
37.000000
45.000000
41.000000
104.000000
40.000000
169.000000
41.000000
92.000000
54.000000
57.000000
79.000000
10.000000
68.000000
122.000000
30.000000
89.000000
4194.000000
130.000000
78.000000
158.000000
106.000000
48.000000
34.000000
51.000000
29.000000
82.000000
10.000000
59.000000
79.000000
22.000000
40.000000
144.000000
61.000000
126.000000
56.000000
39.000000
59.000000
106.000000
34.000000
69.000000
108.000000
93.000000
146.000000
79.000000
64.000000
51.000000
30.000000
45.000000
109.000000
58.000000
84.000000
60.000000
12.000000
34.000000
138.000000
102.000000
21.000000
9301.000000
8765.000000
66.000000
47.000000
102.000000
87.000000
92.000000
47.000000
60.000000
53.000000
38.000000
78.000000
17.000000
25.000000
28.000000
66.000000
48.000000
9074.000000
21.000000
68.000000
46.000000
30.000000
61.000000
72.000000
47.000000
59.000000
49.000000
9.000000
26.000000
57.000000
116.000000
50.000000
133.000000
19.000000
70.000000
63.000000
75.000000
48.000000
33.000000
68.000000
36.000000
189.000000
9038.000000
64.000000
9734.000000
8091.000000
19.000000
11505.000000
59.000000
57.000000
86.000000
57.000000
41.000000
13.000000
26.000000
18.000000
14.000000
33.000000
88.000000
39.000000
86.000000
9.000000
93.000000
91.000000
29.000000
46.000000
7504.000000
59.000000
145.000000
32.000000
106.000000
23.000000
103.000000
19.000000
95.000000
49.000000
260.000000
84.000000
49.000000
11.000000
123.000000
80.000000
46.000000
43.000000
43.000000
35.000000
66.000000
24.000000
32.000000
53.000000
63.000000
26.000000
105.000000
5104.000000
11.000000
94.000000
33.000000
36.000000
106.000000
43.000000
61.000000
41.000000
149.000000
72.000000
149.000000
12.000000
11.000000
49.000000
69.000000
91.000000
55.000000
84.000000
180.000000
90.000000
14.000000
32.000000
32.000000
54.000000
8214.000000
53.000000
40.000000
80.000000
17.000000
18.000000
54.000000
64.000000
70.000000
189.000000
45.000000
156.000000
71.000000
5854.000000
115.000000
38.000000
7582.000000
29.000000
89.000000
139.000000
40.000000
9252.000000
28.000000
30.000000
35.000000
57.000000
54.000000
110.000000
92.000000
96.000000
23.000000
70.000000
37.000000
36.000000
19.000000
128.000000
98.000000
10.000000
19.000000
98.000000
13.000000
106.000000
9099.000000
6675.000000
170.000000
73.000000
44.000000
8753.000000
20.000000
27.000000
131.000000
69.000000
31.000000
44.000000
17.000000
9654.000000
80.000000
33.000000
65.000000
41.000000
7972.000000
88.000000
8174.000000
79.000000
82.000000
33.000000
56.000000
7651.000000
61.000000
52.000000
91.000000
146.000000
95.000000
9.000000
27.000000
18.000000
13.000000
75.000000
49.000000
32.000000
98.000000
103.000000
22.000000
15.000000
33.000000
9.000000
51.000000
50.000000
64.000000
31.000000
55.000000
56.000000
65.000000
8.000000
85.000000
74.000000
50.000000
54.000000
47.000000
16.000000
66.000000
168.000000
60.000000
32.000000
80.000000
86.000000
13.000000
62.000000
42.000000
94.000000
24.000000
70.000000
150.000000
41.000000
33.000000
41.000000
13.000000
73.000000
146.000000
41.000000
19.000000
28.000000
58.000000
73.000000
84.000000
70.000000
72.000000
8733.000000
96.000000
46.000000
33.000000
23.000000
50.000000
24.000000
113.000000
28.000000
69.000000
58.000000
83.000000
65.000000
84.000000
54.000000
23.000000
52.000000
50.000000
67.000000
55.000000
102.000000
46.000000
79.000000
97.000000
64.000000
9610.000000
95.000000
18.000000
62.000000
10423.000000
104.000000
68.000000
58.000000
51.000000
100.000000
9098.000000
87.000000
33.000000
71.000000
35.000000
49.000000
26.000000
36.000000
8008.000000
150.000000
121.000000
93.000000
91.000000
36.000000
71.000000
64.000000
110.000000
107.000000
103.000000
53.000000
9078.000000
44.000000
72.000000
65.000000
91.000000
35.000000
83.000000
55.000000
234.000000
70.000000
155.000000
124.000000
29.000000
22.000000
62.000000
67.000000
175.000000
58.000000
69.000000
132.000000
58.000000
34.000000
8.000000
38.000000
67.000000
70.000000
105.000000
117.000000
55.000000
69.000000
139.000000
8920.000000
61.000000
127.000000
86.000000
77.000000
65.000000
69.000000
120.000000
12.000000
117.000000
110.000000
44.000000
41.000000
58.000000
27.000000
39.000000
108.000000
158.000000
84.000000
20.000000
109.000000
3622.000000
52.000000
37.000000
75.000000
91.000000
96.000000
49.000000
84.000000
15.000000
8.000000
48.000000
54.000000
53.000000
93.000000
25.000000
11.000000
36.000000
17.000000
115.000000
8.000000
121.000000
40.000000
55.000000
7537.000000
118.000000
102.000000
23.000000
101.000000
72.000000
9156.000000
109.000000
75.000000
41.000000
59.000000
101.000000
39.000000
43.000000
94.000000
53.000000
55.000000
9005.000000
14.000000
90.000000
42.000000
34.000000
6974.000000
24.000000
62.000000
64.000000
177.000000
129.000000
51.000000
36.000000
94.000000
86.000000
8863.000000
23.000000
47.000000
62.000000
65.000000
6543.000000
115.000000
79.000000
58.000000
44.000000
61.000000
22.000000
68.000000
41.000000
75.000000
14.000000
26.000000
78.000000
66.000000
107.000000
28.000000
42.000000
87.000000
119.000000
31.000000
48.000000
40.000000
156.000000
76.000000
21.000000
87.000000
45.000000
20.000000
8646.000000
37.000000
16.000000
9410.000000
70.000000
84.000000
135.000000
93.000000
32.000000
8705.000000
81.000000
91.000000
8127.000000
29.000000
30.000000
216.000000
73.000000
54.000000
63.000000
69.000000
51.000000
44.000000
61.000000
104.000000
23.000000
118.000000
28.000000
46.000000
10.000000
58.000000
143.000000
16.000000
54.000000
63.000000
60.000000
9.000000
198.000000
171.000000
61.000000
63.000000
72.000000
63.000000
90.000000
241.000000
43.000000
78.000000
123.000000
37.000000
81.000000
95.000000
42.000000
17.000000
15.000000
67.000000
96.000000
43.000000
51.000000
40.000000
80.000000
81.000000
55.000000
42.000000
9.000000
70.000000
43.000000
47.000000
51.000000
43.000000
110.000000
87.000000
85.000000
45.000000
55.000000
45.000000
30.000000
49.000000
9.000000
50.000000
27.000000
34.000000
18.000000
89.000000
39.000000
24.000000
35.000000
77.000000
83.000000
62.000000
105.000000
101.000000
171.000000
48.000000
62.000000
24.000000
20.000000
66.000000
32.000000
43.000000
43.000000
88.000000
147.000000
27.000000
152.000000
61.000000
43.000000
92.000000
60.000000
81.000000
99.000000
8282.000000
186.000000
70.000000
89.000000
36.000000
31.000000
8349.000000
119.000000
71.000000
56.000000
48.000000
200.000000
49.000000
36.000000
79.000000
31.000000
64.000000
71.000000
95.000000
80.000000
86.000000
38.000000
71.000000
55.000000
49.000000
15.000000
9.000000
100.000000
133.000000
44.000000
108.000000
49.000000
20.000000
88.000000
66.000000
20.000000
64.000000
70.000000
102.000000
51.000000
4948.000000
22.000000
4123.000000
50.000000
93.000000
53.000000
75.000000
115.000000
23.000000
49.000000
4989.000000
32.000000
50.000000
85.000000
105.000000
89.000000
73.000000
25.000000
117.000000
7299.000000
59.000000
34.000000
112.000000
76.000000
117.000000
112.000000
34.000000
50.000000
90.000000
60.000000
53.000000
13.000000
65.000000
40.000000
116.000000
43.000000
148.000000
128.000000
105.000000
124.000000
101.000000
60.000000
68.000000
11392.000000
111.000000
26.000000
49.000000
80.000000
51.000000
48.000000
73.000000
8048.000000
55.000000
106.000000
42.000000
54.000000
34.000000
26.000000
106.000000
74.000000
64.000000
70.000000
30.000000
79.000000
38.000000
67.000000
22.000000
74.000000
43.000000
79.000000
82.000000
32.000000
52.000000
25.000000
51.000000
155.000000
25.000000
51.000000
163.000000
50.000000
29.000000
65.000000
40.000000
119.000000
22.000000
64.000000
26.000000
33.000000
90.000000
121.000000
73.000000
22.000000
31.000000
70.000000
213.000000
70.000000
34.000000
61.000000
58.000000
9.000000
52.000000
19.000000
28.000000
24.000000
54.000000
38.000000
83.000000
60.000000
14.000000
34.000000
23.000000
82.000000
60.000000
119.000000
25.000000
93.000000
74.000000
85.000000
40.000000
18.000000
35.000000
17.000000
70.000000
74.000000
121.000000
73.000000
31.000000
69.000000
33.000000
44.000000
45.000000
91.000000
72.000000
72.000000
25.000000
35.000000
76.000000
56.000000
54.000000
41.000000
90.000000
7810.000000
8447.000000
53.000000
42.000000
43.000000
200.000000
63.000000
75.000000
24.000000
10282.000000
28.000000
41.000000
75.000000
110.000000
55.000000
56.000000
55.000000
81.000000
8970.000000
31.000000
94.000000
96.000000
24.000000
39.000000
8408.000000
24.000000
82.000000
149.000000
72.000000
32.000000
42.000000
56.000000
38.000000
24.000000
65.000000
34.000000
136.000000
49.000000
131.000000
70.000000
8399.000000
80.000000
72.000000
6736.000000
65.000000
9.000000
11.000000
81.000000
66.000000
38.000000
124.000000
61.000000
86.000000
44.000000
9150.000000
67.000000
44.000000
90.000000
40.000000
129.000000
32.000000
67.000000
7581.000000
95.000000
95.000000
66.000000
26.000000
60.000000
70.000000
10.000000
15.000000
7.000000
39.000000
76.000000
13049.000000
30.000000
30.000000
28.000000
201.000000
126.000000
90.000000
144.000000
10.000000
71.000000
43.000000
46.000000
111.000000
167.000000
111.000000
36.000000
140.000000
101.000000
49.000000
136.000000
113.000000
72.000000
78.000000
17.000000
77.000000
20.000000
69.000000
85.000000
17.000000
68.000000
42.000000
12.000000
54.000000
43.000000
43.000000
140.000000
53.000000
79.000000
17.000000
72.000000
122.000000
89.000000
7725.000000
7002.000000
138.000000
33.000000
67.000000
9082.000000
22.000000
22.000000
73.000000
117.000000
85.000000
84.000000
64.000000
183.000000
72.000000
54.000000
55.000000
58.000000
38.000000
26.000000
85.000000
49.000000
40.000000
48.000000
52.000000
89.000000
93.000000
136.000000
144.000000
122.000000
97.000000
36.000000
97.000000
5960.000000
26.000000
15.000000
115.000000
112.000000
7974.000000
83.000000
56.000000
43.000000
26.000000
17.000000
17.000000
144.000000
51.000000
134.000000
48.000000
70.000000
89.000000
81.000000
10819.000000
25.000000
46.000000
97.000000
44.000000
72.000000
38.000000
71.000000
91.000000
31.000000
27.000000
8939.000000
31.000000
8.000000
34.000000
100.000000
107.000000
132.000000
83.000000
99.000000
9290.000000
50.000000
66.000000
126.000000
52.000000
62.000000
86.000000
129.000000
81.000000
66.000000
33.000000
86.000000
11.000000
58.000000
72.000000
22.000000
81.000000
32.000000
107.000000
56.000000
4788.000000
122.000000
26.000000
109.000000
56.000000
64.000000
122.000000
50.000000
17.000000
55.000000
50.000000
131.000000
51.000000
25.000000
70.000000
50.000000
65.000000
28.000000
48.000000
70.000000
29.000000
54.000000
70.000000
91.000000
59.000000
108.000000
185.000000
59.000000
36.000000
56.000000
85.000000
51.000000
54.000000
99.000000
39.000000
60.000000
18.000000
62.000000
94.000000
55.000000
101.000000
10.000000
21.000000
34.000000
59.000000
42.000000
58.000000
89.000000
7884.000000
60.000000
102.000000
51.000000
111.000000
108.000000
72.000000
286.000000
72.000000
24.000000
47.000000
26.000000
26.000000
139.000000
8847.000000
61.000000
23.000000
176.000000
102.000000
80.000000
103.000000
85.000000
91.000000
4467.000000
100.000000
110.000000
123.000000
68.000000
73.000000
42.000000
97.000000
154.000000
12.000000
79.000000
64.000000
64.000000
17.000000
8641.000000
77.000000
84.000000
11.000000
83.000000
75.000000
56.000000
53.000000
47.000000
29.000000
8.000000
8649.000000
12.000000
44.000000
101.000000
104.000000
75.000000
66.000000
47.000000
37.000000
10.000000
56.000000
63.000000
58.000000
46.000000
30.000000
76.000000
85.000000
51.000000
139.000000
30.000000
54.000000
105.000000
115.000000
11.000000
76.000000
29.000000
36.000000
40.000000
85.000000
22.000000
26.000000
43.000000
41.000000
79.000000
47.000000
72.000000
128.000000
33.000000
25.000000
68.000000
23.000000
137.000000
8953.000000
10713.000000
57.000000
96.000000
8667.000000
63.000000
25.000000
44.000000
94.000000
79.000000
74.000000
56.000000
95.000000
124.000000
22.000000
23.000000
30.000000
19.000000
16.000000
55.000000
128.000000
25.000000
25.000000
85.000000
30.000000
236.000000
42.000000
105.000000
82.000000
51.000000
30.000000
8374.000000
35.000000
52.000000
68.000000
35.000000
173.000000
56.000000
52.000000
49.000000
74.000000
35.000000
167.000000
80.000000
30.000000
88.000000
54.000000
70.000000
82.000000
56.000000
128.000000
34.000000
36.000000
46.000000
43.000000
28.000000
80.000000
36.000000
11.000000
79.000000
7262.000000
57.000000
9314.000000
87.000000
8927.000000
20.000000
48.000000
114.000000
77.000000
7711.000000
181.000000
8033.000000
150.000000
114.000000
10.000000
44.000000
21.000000
77.000000
80.000000
10412.000000
158.000000
80.000000
65.000000
28.000000
10.000000
125.000000
141.000000
39.000000
57.000000
124.000000
101.000000
77.000000
70.000000
28.000000
44.000000
137.000000
20.000000
77.000000
86.000000
69.000000
7062.000000
7286.000000
73.000000
63.000000
48.000000
16.000000
172.000000
160.000000
88.000000
40.000000
192.000000
90.000000
38.000000
36.000000
88.000000
45.000000
110.000000
52.000000
94.000000
38.000000
86.000000
67.000000
54.000000
45.000000
59.000000
153.000000
9288.000000
70.000000
37.000000
84.000000
58.000000
86.000000
81.000000
120.000000
26.000000
36.000000
36.000000
50.000000
110.000000
8518.000000
19.000000
56.000000
46.000000
35.000000
88.000000
60.000000
58.000000
32.000000
71.000000
11717.000000
36.000000
111.000000
58.000000
122.000000
81.000000
110.000000
45.000000
114.000000
15.000000
118.000000
28.000000
66.000000
95.000000
43.000000
61.000000
15.000000
68.000000
55.000000
79.000000
149.000000
87.000000
102.000000
38.000000
117.000000
31.000000
25.000000
29.000000
64.000000
73.000000
72.000000
50.000000
32.000000
142.000000
70.000000
34.000000
49.000000
32.000000
41.000000
32.000000
21.000000
52.000000
30.000000
75.000000
53.000000
82.000000
38.000000
96.000000
109.000000
38.000000
47.000000
7239.000000
92.000000
52.000000
39.000000
8.000000
78.000000
67.000000
81.000000
45.000000
79.000000
42.000000
36.000000
35.000000
50.000000
74.000000
123.000000
80.000000
85.000000
55.000000
46.000000
7569.000000
34.000000
117.000000
103.000000
57.000000
57.000000
91.000000
65.000000
71.000000
36.000000
30.000000
7250.000000
9.000000
23.000000
63.000000
54.000000
50.000000
66.000000
39.000000
62.000000
55.000000
123.000000
52.000000
82.000000
37.000000
61.000000
35.000000
53.000000
121.000000
48.000000
85.000000
245.000000
66.000000
167.000000
55.000000
59.000000
40.000000
17.000000
163.000000
83.000000
37.000000
41.000000
69.000000
35.000000
36.000000
106.000000
9087.000000
48.000000
85.000000
35.000000
50.000000
36.000000
64.000000
15.000000
44.000000
25.000000
97.000000
7739.000000
57.000000
72.000000
13.000000
135.000000
88.000000
8290.000000
84.000000
9396.000000
49.000000
158.000000
125.000000
55.000000
8.000000
90.000000
47.000000
8637.000000
60.000000
70.000000
85.000000
50.000000
68.000000
106.000000
22.000000
76.000000
88.000000
54.000000
19.000000
10.000000
80.000000
72.000000
21.000000
16.000000
97.000000
213.000000
70.000000
49.000000
16.000000
113.000000
109.000000
53.000000
73.000000
55.000000
63.000000
10.000000
22.000000
57.000000
59.000000
43.000000
77.000000
50.000000
57.000000
113.000000
95.000000
193.000000
56.000000
48.000000
71.000000
48.000000
26.000000
105.000000
54.000000
121.000000
16.000000
46.000000
44.000000
100.000000
39.000000
94.000000
39.000000
49.000000
107.000000
101.000000
96.000000
76.000000
213.000000
8633.000000
118.000000
9.000000
21.000000
46.000000
43.000000
18.000000
50.000000
78.000000
66.000000
22.000000
109.000000
43.000000
35.000000
22.000000
38.000000
76.000000
83.000000
62.000000
92.000000
37.000000
86.000000
48.000000
45.000000
153.000000
43.000000
60.000000
88.000000
128.000000
33.000000
126.000000
69.000000
43.000000
32.000000
23.000000
132.000000
32.000000
70.000000
68.000000
193.000000
77.000000
40.000000
40.000000
78.000000
119.000000
51.000000
65.000000
72.000000
13.000000
9422.000000
13.000000
189.000000
96.000000
108.000000
52.000000
126.000000
64.000000
117.000000
105.000000
42.000000
53.000000
39.000000
184.000000
7361.000000
56.000000
100.000000
37.000000
96.000000
51.000000
63.000000
67.000000
109.000000
46.000000
81.000000
6667.000000
13.000000
173.000000
106.000000
105.000000
121.000000
103.000000
42.000000
32.000000
52.000000
12.000000
86.000000
71.000000
100.000000
68.000000
69.000000
83.000000
5146.000000
162.000000
70.000000
52.000000
32.000000
70.000000
184.000000
61.000000
69.000000
30.000000
57.000000
83.000000
29.000000
75.000000
128.000000
103.000000
129.000000
53.000000
22.000000
44.000000
69.000000
71.000000
58.000000
300.000000
91.000000
106.000000
96.000000
40.000000
97.000000
35.000000
87.000000
90.000000
47.000000
15.000000
89.000000
58.000000
11.000000
85.000000
38.000000
115.000000
18.000000
74.000000
52.000000
59.000000
47.000000
106.000000
55.000000
88.000000
52.000000
89.000000
33.000000
51.000000
49.000000
82.000000
111.000000
134.000000
188.000000
30.000000
56.000000
39.000000
65.000000
77.000000
32.000000
48.000000
34.000000
157.000000
23.000000
33.000000
13.000000
89.000000
61.000000
151.000000
90.000000
40.000000
114.000000
97.000000
73.000000
108.000000
62.000000
72.000000
10.000000
67.000000
81.000000
81.000000
9893.000000
100.000000
88.000000
119.000000
90.000000
78.000000
112.000000
67.000000
29.000000
120.000000
122.000000
39.000000
37.000000
39.000000
32.000000
32.000000
19.000000
43.000000
134.000000
152.000000
93.000000
122.000000
69.000000
5075.000000
46.000000
55.000000
27.000000
52.000000
18.000000
132.000000
49.000000
50.000000
51.000000
51.000000
41.000000
23.000000
19.000000
123.000000
74.000000
55.000000
226.000000
118.000000
45.000000
66.000000
18.000000
94.000000
75.000000
87.000000
98.000000
15.000000
30.000000
164.000000
69.000000
116.000000
66.000000
43.000000
61.000000
75.000000
46.000000
54.000000
73.000000
91.000000
36.000000
26.000000
41.000000
172.000000
44.000000
74.000000
8536.000000
64.000000
66.000000
47.000000
216.000000
14.000000
72.000000
9191.000000
105.000000
78.000000
109.000000
47.000000
83.000000
43.000000
59.000000
79.000000
24.000000
101.000000
29.000000
75.000000
38.000000
45.000000
65.000000
60.000000
75.000000
67.000000
83.000000
35.000000
96.000000
70.000000
48.000000
34.000000
35.000000
38.000000
94.000000
70.000000
46.000000
32.000000
71.000000
53.000000
109.000000
7241.000000
16.000000
82.000000
20.000000
78.000000
37.000000
41.000000
67.000000
75.000000
125.000000
98.000000
38.000000
90.000000
60.000000
83.000000
68.000000
76.000000
129.000000
66.000000
75.000000
143.000000
68.000000
52.000000
85.000000
41.000000
77.000000
68.000000
38.000000
165.000000
38.000000
33.000000
48.000000
24.000000
31.000000
19.000000
47.000000
47.000000
48.000000
26.000000
55.000000
110.000000
30.000000
96.000000
114.000000
30.000000
38.000000
18.000000
62.000000
82.000000
65.000000
74.000000
74.000000
25.000000
89.000000
8919.000000
51.000000
28.000000
54.000000
114.000000
137.000000
7756.000000
77.000000
26.000000
24.000000
48.000000
22.000000
59.000000
16.000000
31.000000
40.000000
54.000000
42.000000
36.000000
24.000000
86.000000
4694.000000
39.000000
75.000000
65.000000
94.000000
65.000000
161.000000
17.000000
83.000000
56.000000
45.000000
62.000000
74.000000
79.000000
53.000000
66.000000
54.000000
29.000000
138.000000
82.000000
60.000000
78.000000
19.000000
15.000000
114.000000
8056.000000
22.000000
77.000000
65.000000
55.000000
72.000000
8170.000000
36.000000
39.000000
29.000000
41.000000
73.000000
110.000000
142.000000
56.000000
30.000000
52.000000
79.000000
65.000000
52.000000
75.000000
85.000000
56.000000
30.000000
47.000000
63.000000
26.000000
39.000000
295.000000
118.000000
107.000000
175.000000
8360.000000
40.000000
86.000000
51.000000
66.000000
57.000000
62.000000
6950.000000
43.000000
78.000000
75.000000
213.000000
78.000000
58.000000
29.000000
135.000000
100.000000
137.000000
106.000000
117.000000
52.000000
75.000000
7931.000000
122.000000
96.000000
44.000000
10.000000
49.000000
6887.000000
100.000000
26.000000
83.000000
22.000000
87.000000
9242.000000
147.000000
85.000000
20.000000
77.000000
47.000000
31.000000
63.000000
128.000000
75.000000
15.000000
139.000000
7648.000000
27.000000
52.000000
92.000000
81.000000
126.000000
18.000000
56.000000
48.000000
48.000000
89.000000
98.000000
100.000000
237.000000
76.000000
112.000000
10.000000
64.000000
143.000000
123.000000
77.000000
22.000000
28.000000
93.000000
49.000000
69.000000
117.000000
76.000000
27.000000
43.000000
106.000000
69.000000
253.000000
32.000000
52.000000
103.000000
95.000000
32.000000
7105.000000
46.000000
76.000000
43.000000
75.000000
109.000000
24.000000
51.000000
105.000000
128.000000
75.000000
227.000000
22.000000
93.000000
123.000000
89.000000
49.000000
110.000000
16.000000
88.000000
110.000000
58.000000
18.000000
148.000000
9609.000000
51.000000
35.000000
37.000000
25.000000
60.000000
81.000000
61.000000
28.000000
131.000000
23.000000
81.000000
53.000000
80.000000
18.000000
47.000000
7539.000000
5644.000000
43.000000
53.000000
62.000000
80.000000
121.000000
36.000000
157.000000
36.000000
5466.000000
66.000000
78.000000
18.000000
74.000000
6102.000000
150.000000
17.000000
38.000000
119.000000
67.000000
58.000000
62.000000
26.000000
145.000000
126.000000
73.000000
135.000000
34.000000
70.000000
107.000000
218.000000
52.000000
44.000000
20.000000
39.000000
116.000000
92.000000
28.000000
26.000000
75.000000
46.000000
61.000000
45.000000
40.000000
69.000000
7269.000000
20.000000
63.000000
80.000000
117.000000
133.000000
90.000000
150.000000
47.000000
73.000000
7341.000000
103.000000
31.000000
120.000000
92.000000
52.000000
76.000000
22.000000
156.000000
69.000000
48.000000
64.000000
59.000000
67.000000
14.000000
51.000000
9663.000000
62.000000
79.000000
36.000000
7402.000000
171.000000
25.000000
57.000000
24.000000
55.000000
88.000000
124.000000
114.000000
43.000000
71.000000
37.000000
20.000000
39.000000
57.000000
116.000000
86.000000
57.000000
11.000000
58.000000
87.000000
47.000000
91.000000
48.000000
54.000000
51.000000
328.000000
139.000000
83.000000
68.000000
52.000000
40.000000
130.000000
46.000000
59.000000
8771.000000
94.000000
181.000000
96.000000
67.000000
82.000000
72.000000
16.000000
65.000000
12.000000
285.000000
58.000000
55.000000
121.000000
95.000000
56.000000
92.000000
50.000000
52.000000
92.000000
9628.000000
26.000000
49.000000
40.000000
33.000000
51.000000
77.000000
32.000000
73.000000
100.000000
166.000000
59.000000
47.000000
87.000000
84.000000
99.000000
56.000000
15.000000
38.000000
170.000000
100.000000
91.000000
132.000000
117.000000
45.000000
150.000000
58.000000
83.000000
9064.000000
112.000000
99.000000
205.000000
8672.000000
51.000000
118.000000
35.000000
43.000000
9.000000
87.000000
56.000000
47.000000
46.000000
72.000000
133.000000
44.000000
45.000000
151.000000
32.000000
31.000000
6973.000000
35.000000
42.000000
52.000000
31.000000
22.000000
82.000000
32.000000
22.000000
70.000000
130.000000
8.000000
57.000000
27.000000
108.000000
19.000000
127.000000
6267.000000
54.000000
39.000000
118.000000
60.000000
295.000000
52.000000
37.000000
50.000000
49.000000
29.000000
9745.000000
16.000000
71.000000
90.000000
48.000000
87.000000
60.000000
119.000000
227.000000
162.000000
88.000000
117.000000
52.000000
60.000000
56.000000
23.000000
59.000000
85.000000
8383.000000
127.000000
37.000000
110.000000
102.000000
82.000000
118.000000
93.000000
147.000000
29.000000
110.000000
107.000000
69.000000
66.000000
94.000000
86.000000
39.000000
64.000000
47.000000
96.000000
17.000000
118.000000
184.000000
127.000000
72.000000
51.000000
42.000000
43.000000
142.000000
60.000000
4292.000000
58.000000
36.000000
23.000000
75.000000
6434.000000
20.000000
104.000000
31.000000
67.000000
93.000000
74.000000
17.000000
64.000000
62.000000
82.000000
28.000000
38.000000
115.000000
78.000000
46.000000
169.000000
63.000000
167.000000
35.000000
40.000000
51.000000
53.000000
87.000000
118.000000
105.000000
106.000000
45.000000
53.000000
80.000000
60.000000
52.000000
59.000000
285.000000
79.000000
21.000000
94.000000
31.000000
70.000000
56.000000
119.000000
31.000000
75.000000
43.000000
101.000000
94.000000
46.000000
70.000000
91.000000
10.000000
67.000000
83.000000
35.000000
93.000000
103.000000
60.000000
7156.000000
56.000000
63.000000
36.000000
148.000000
54.000000
116.000000
43.000000
16.000000
42.000000
116.000000
68.000000
17.000000
62.000000
75.000000
48.000000
82.000000
225.000000
25.000000
77.000000
58.000000
24.000000
55.000000
141.000000
30.000000
11.000000
7890.000000
67.000000
43.000000
98.000000
52.000000
7.000000
165.000000
5777.000000
69.000000
30.000000
63.000000
30.000000
107.000000
105.000000
43.000000
104.000000
4093.000000
55.000000
37.000000
65.000000
153.000000
74.000000
54.000000
188.000000
43.000000
34.000000
10132.000000
26.000000
28.000000
34.000000
41.000000
115.000000
60.000000
13.000000
72.000000
41.000000
69.000000
34.000000
64.000000
59.000000
45.000000
61.000000
22.000000
6927.000000
104.000000
253.000000
91.000000
85.000000
19.000000
40.000000
106.000000
30.000000
39.000000
72.000000
66.000000
186.000000
71.000000
54.000000
53.000000
116.000000
71.000000
39.000000
142.000000
101.000000
62.000000
74.000000
111.000000
62.000000
71.000000
78.000000
52.000000
30.000000
29.000000
141.000000
120.000000
165.000000
88.000000
146.000000
60.000000
81.000000
118.000000
19.000000
46.000000
25.000000
45.000000
95.000000
47.000000
62.000000
48.000000
52.000000
34.000000
53.000000
68.000000
89.000000
92.000000
87.000000
29.000000
81.000000
85.000000
77.000000
61.000000
21.000000
26.000000
39.000000
31.000000
56.000000
103.000000
63.000000
7357.000000
51.000000
93.000000
103.000000
48.000000
89.000000
9937.000000
94.000000
107.000000
10.000000
63.000000
28.000000
82.000000
17.000000
74.000000
86.000000
59.000000
49.000000
57.000000
52.000000
164.000000
108.000000
64.000000
108.000000
10.000000
35.000000
36.000000
34.000000
29.000000
61.000000
120.000000
16.000000
42.000000
84.000000
54.000000
104.000000
25.000000
70.000000
64.000000
92.000000
63.000000
96.000000
44.000000
52.000000
34.000000
89.000000
9030.000000
64.000000
129.000000
68.000000
9450.000000
65.000000
92.000000
75.000000
34.000000
61.000000
79.000000
157.000000
76.000000
123.000000
67.000000
134.000000
8.000000
52.000000
102.000000
28.000000
49.000000
8161.000000
28.000000
39.000000
23.000000
49.000000
23.000000
68.000000
63.000000
53.000000
19.000000
205.000000
109.000000
21.000000
42.000000
27.000000
26.000000
41.000000
8.000000
9.000000
45.000000
14.000000
11.000000
89.000000
129.000000
29.000000
41.000000
94.000000
72.000000
40.000000
8976.000000
7.000000
57.000000
89.000000
51.000000
38.000000
29.000000
87.000000
27.000000
51.000000
86.000000
30.000000
22.000000
66.000000
78.000000
65.000000
86.000000
132.000000
49.000000
34.000000
29.000000
50.000000
44.000000
43.000000
126.000000
46.000000
45.000000
40.000000
75.000000
81.000000
99.000000
34.000000
88.000000
94.000000
42.000000
143.000000
11.000000
54.000000
42.000000
14.000000
36.000000
137.000000
99.000000
46.000000
36.000000
3000.000000
98.000000
100.000000
97.000000
10.000000
76.000000
6064.000000
80.000000
75.000000
73.000000
42.000000
6764.000000
6988.000000
25.000000
98.000000
33.000000
60.000000
49.000000
35.000000
21.000000
151.000000
139.000000
7475.000000
70.000000
6028.000000
74.000000
124.000000
17.000000
165.000000
48.000000
86.000000
145.000000
102.000000
7666.000000
167.000000
52.000000
16.000000
127.000000
82.000000
77.000000
72.000000
103.000000
141.000000
53.000000
60.000000
16.000000
65.000000
50.000000
167.000000
75.000000
41.000000
32.000000
32.000000
97.000000
204.000000
7163.000000
97.000000
84.000000
112.000000
125.000000
7611.000000
48.000000
57.000000
112.000000
121.000000
54.000000
63.000000
85.000000
151.000000
53.000000
57.000000
105.000000
90.000000
93.000000
42.000000
81.000000
38.000000
48.000000
36.000000
80.000000
6270.000000
8416.000000
44.000000
32.000000
49.000000
8445.000000
30.000000
8678.000000
49.000000
51.000000
61.000000
89.000000
241.000000
112.000000
9971.000000
53.000000
80.000000
86.000000
39.000000
94.000000
51.000000
109.000000
69.000000
84.000000
130.000000
66.000000
185.000000
66.000000
108.000000
7799.000000
23.000000
37.000000
175.000000
51.000000
411.000000
55.000000
8105.000000
51.000000
131.000000
77.000000
70.000000
210.000000
69.000000
35.000000
56.000000
54.000000
103.000000
123.000000
87.000000
82.000000
57.000000
85.000000
72.000000
76.000000
16.000000
54.000000
53.000000
123.000000
124.000000
32.000000
83.000000
120.000000
84.000000
178.000000
63.000000
133.000000
66.000000
3719.000000
78.000000
80.000000
5221.000000
58.000000
54.000000
16.000000
48.000000
98.000000
87.000000
38.000000
77.000000
30.000000
8742.000000
110.000000
90.000000
4007.000000
9.000000
22.000000
44.000000
78.000000
315.000000
52.000000
96.000000
14.000000
55.000000
150.000000
92.000000
114.000000
22.000000
31.000000
7690.000000
156.000000
17.000000
23.000000
67.000000
60.000000
11.000000
58.000000
142.000000
169.000000
139.000000
59.000000
40.000000
48.000000
8186.000000
42.000000
125.000000
75.000000
102.000000
129.000000
38.000000
89.000000
88.000000
64.000000
105.000000
164.000000
29.000000
93.000000
146.000000
8849.000000
218.000000
188.000000
141.000000
77.000000
3654.000000
175.000000
46.000000
82.000000
104.000000
106.000000
11031.000000
15.000000
47.000000
244.000000
87.000000
54.000000
66.000000
74.000000
106.000000
59.000000
81.000000
87.000000
122.000000
37.000000
41.000000
97.000000
72.000000
35.000000
28.000000
55.000000
126.000000
63.000000
70.000000
58.000000
43.000000
128.000000
117.000000
60.000000
43.000000
105.000000
56.000000
82.000000
27.000000
11.000000
61.000000
31.000000
19.000000
58.000000
137.000000
29.000000
123.000000
32.000000
105.000000
64.000000
101.000000
317.000000
141.000000
7521.000000
61.000000
33.000000
55.000000
17.000000
86.000000
88.000000
40.000000
135.000000
20.000000
60.000000
110.000000
7.000000
49.000000
96.000000
58.000000
8116.000000
28.000000
35.000000
52.000000
8447.000000
25.000000
26.000000
71.000000
8473.000000
98.000000
75.000000
49.000000
114.000000
90.000000
62.000000
42.000000
127.000000
57.000000
52.000000
64.000000
114.000000
60.000000
70.000000
148.000000
27.000000
97.000000
38.000000
58.000000
85.000000
29.000000
65.000000
26.000000
63.000000
77.000000
92.000000
117.000000
26.000000
94.000000
85.000000
81.000000
45.000000
105.000000
133.000000
18.000000
113.000000
92.000000
58.000000
137.000000
46.000000
44.000000
8310.000000
113.000000
45.000000
70.000000
17.000000
87.000000
135.000000
54.000000
63.000000
104.000000
107.000000
74.000000
42.000000
138.000000
56.000000
58.000000
32.000000
7829.000000
50.000000
11.000000
112.000000
45.000000
43.000000
64.000000
48.000000
27.000000
32.000000
48.000000
12.000000
15.000000
83.000000
60.000000
46.000000
123.000000
80.000000
51.000000
102.000000
100.000000
8.000000
53.000000
106.000000
63.000000
42.000000
16.000000
72.000000
45.000000
24.000000
35.000000
47.000000
8434.000000
34.000000
54.000000
45.000000
143.000000
10.000000
7486.000000
66.000000
78.000000
52.000000
86.000000
25.000000
54.000000
61.000000
68.000000
46.000000
8971.000000
15.000000
43.000000
106.000000
8.000000
72.000000
143.000000
18.000000
111.000000
40.000000
71.000000
108.000000
51.000000
88.000000
75.000000
43.000000
53.000000
6904.000000
104.000000
55.000000
87.000000
83.000000
123.000000
116.000000
89.000000
50.000000
12.000000
62.000000
128.000000
56.000000
50.000000
67.000000
57.000000
29.000000
65.000000
12287.000000
66.000000
59.000000
7944.000000
300.000000
79.000000
64.000000
283.000000
7008.000000
12.000000
49.000000
140.000000
161.000000
67.000000
53.000000
8380.000000
121.000000
86.000000
23.000000
57.000000
102.000000
59.000000
42.000000
58.000000
17.000000
81.000000
8.000000
18.000000
97.000000
50.000000
95.000000
73.000000
67.000000
57.000000
56.000000
93.000000
69.000000
120.000000
18.000000
22.000000
155.000000
35.000000
37.000000
65.000000
23.000000
54.000000
61.000000
124.000000
149.000000
40.000000
54.000000
149.000000
9985.000000
186.000000
107.000000
51.000000
213.000000
87.000000
44.000000
68.000000
47.000000
44.000000
47.000000
7717.000000
100.000000
79.000000
124.000000
43.000000
86.000000
75.000000
5353.000000
114.000000
58.000000
133.000000
62.000000
43.000000
68.000000
198.000000
8169.000000
67.000000
90.000000
56.000000
83.000000
76.000000
39.000000
36.000000
10.000000
93.000000
54.000000
92.000000
90.000000
151.000000
65.000000
36.000000
27.000000
23.000000
106.000000
50.000000
54.000000
27.000000
17.000000
87.000000
82.000000
51.000000
45.000000
51.000000
96.000000
37.000000
39.000000
129.000000
73.000000
93.000000
69.000000
154.000000
102.000000
82.000000
66.000000
55.000000
103.000000
34.000000
191.000000
36.000000
190.000000
37.000000
116.000000
45.000000
60.000000
74.000000
99.000000
109.000000
102.000000
65.000000
107.000000
99.000000
70.000000
97.000000
115.000000
55.000000
188.000000
95.000000
33.000000
65.000000
131.000000
67.000000
39.000000
222.000000
92.000000
66.000000
5764.000000
39.000000
162.000000
50.000000
32.000000
10244.000000
34.000000
95.000000
76.000000
7669.000000
87.000000
83.000000
65.000000
41.000000
40.000000
6221.000000
46.000000
62.000000
3284.000000
58.000000
93.000000
20.000000
66.000000
70.000000
38.000000
76.000000
73.000000
142.000000
71.000000
50.000000
79.000000
80.000000
71.000000
109.000000
104.000000
65.000000
96.000000
70.000000
42.000000
70.000000
49.000000
47.000000
86.000000
87.000000
87.000000
169.000000
12917.000000
105.000000
146.000000
46.000000
96.000000
86.000000
44.000000
80.000000
42.000000
76.000000
34.000000
161.000000
23.000000
71.000000
69.000000
28.000000
111.000000
106.000000
136.000000
3239.000000
7200.000000
43.000000
16.000000
23.000000
66.000000
28.000000
46.000000
72.000000
106.000000
75.000000
59.000000
11.000000
9.000000
258.000000
112.000000
23.000000
87.000000
153.000000
67.000000
51.000000
118.000000
78.000000
38.000000
57.000000
107.000000
30.000000
90.000000
86.000000
18.000000
134.000000
7552.000000
8362.000000
73.000000
99.000000
44.000000
8.000000
52.000000
85.000000
68.000000
12.000000
9.000000
155.000000
83.000000
100.000000
156.000000
25.000000
62.000000
67.000000
206.000000
137.000000
44.000000
74.000000
29.000000
136.000000
6945.000000
83.000000
136.000000
43.000000
152.000000
52.000000
56.000000
73.000000
135.000000
29.000000
60.000000
72.000000
45.000000
96.000000
63.000000
68.000000
3806.000000
10.000000
69.000000
127.000000
30.000000
42.000000
63.000000
44.000000
134.000000
86.000000
15.000000
74.000000
38.000000
55.000000
23.000000
4799.000000
63.000000
46.000000
63.000000
83.000000
36.000000
34.000000
170.000000
111.000000
151.000000
59.000000
90.000000
59.000000
23.000000
72.000000
40.000000
48.000000
61.000000
11494.000000
156.000000
48.000000
30.000000
38.000000
255.000000
10.000000
210.000000
9.000000
38.000000
69.000000
177.000000
97.000000
110.000000
218.000000
71.000000
10.000000
58.000000
41.000000
35.000000
76.000000
10.000000
54.000000
38.000000
80.000000
53.000000
82.000000
56.000000
76.000000
47.000000
7641.000000
65.000000
86.000000
46.000000
54.000000
55.000000
163.000000
137.000000
64.000000
90.000000
65.000000
22.000000
61.000000
77.000000
10.000000
66.000000
60.000000
78.000000
186.000000
27.000000
58.000000
54.000000
57.000000
8249.000000
40.000000
51.000000
9483.000000
62.000000
115.000000
30.000000
184.000000
43.000000
139.000000
58.000000
35.000000
12654.000000
80.000000
52.000000
60.000000
204.000000
9343.000000
41.000000
39.000000
71.000000
29.000000
42.000000
29.000000
48.000000
29.000000
49.000000
24.000000
9308.000000
25.000000
32.000000
6574.000000
10.000000
47.000000
61.000000
87.000000
136.000000
68.000000
66.000000
53.000000
89.000000
58.000000
102.000000
77.000000
73.000000
287.000000
42.000000
86.000000
10409.000000
111.000000
67.000000
45.000000
30.000000
197.000000
34.000000
66.000000
70.000000
75.000000
146.000000
119.000000
155.000000
62.000000
74.000000
47.000000
89.000000
60.000000
85.000000
78.000000
104.000000
97.000000
40.000000
123.000000
23.000000
170.000000
56.000000
66.000000
6684.000000
99.000000
114.000000
32.000000
91.000000
58.000000
84.000000
91.000000
36.000000
49.000000
60.000000
7412.000000
38.000000
122.000000
50.000000
31.000000
101.000000
49.000000
84.000000
270.000000
23.000000
20.000000
97.000000
167.000000
79.000000
80.000000
62.000000
8075.000000
25.000000
123.000000
30.000000
75.000000
62.000000
123.000000
45.000000
7178.000000
32.000000
34.000000
72.000000
69.000000
55.000000
106.000000
48.000000
195.000000
110.000000
66.000000
61.000000
31.000000
50.000000
74.000000
75.000000
34.000000
110.000000
106.000000
29.000000
69.000000
50.000000
94.000000
30.000000
56.000000
53.000000
76.000000
55.000000
89.000000
50.000000
61.000000
95.000000
36.000000
92.000000
68.000000
63.000000
58.000000
30.000000
21.000000
95.000000
135.000000
31.000000
263.000000
56.000000
12090.000000
50.000000
114.000000
128.000000
123.000000
78.000000
90.000000
103.000000
16.000000
105.000000
38.000000
8335.000000
58.000000
7621.000000
63.000000
15.000000
55.000000
88.000000
56.000000
86.000000
49.000000
3659.000000
7391.000000
21.000000
151.000000
64.000000
110.000000
46.000000
122.000000
60.000000
61.000000
55.000000
34.000000
78.000000
32.000000
59.000000
8973.000000
39.000000
63.000000
56.000000
95.000000
163.000000
102.000000
51.000000
104.000000
50.000000
34.000000
56.000000
40.000000
93.000000
8848.000000
82.000000
67.000000
24.000000
6825.000000
41.000000
136.000000
30.000000
67.000000
114.000000
46.000000
45.000000
91.000000
80.000000
66.000000
31.000000
88.000000
116.000000
30.000000
26.000000
41.000000
56.000000
30.000000
44.000000
38.000000
82.000000
19.000000
36.000000
121.000000
71.000000
85.000000
35.000000
54.000000
60.000000
18.000000
91.000000
216.000000
8.000000
63.000000
85.000000
89.000000
94.000000
47.000000
91.000000
53.000000
70.000000
40.000000
28.000000
144.000000
12433.000000
42.000000
54.000000
118.000000
83.000000
48.000000
253.000000
115.000000
41.000000
51.000000
106.000000
53.000000
36.000000
97.000000
31.000000
39.000000
127.000000
125.000000
113.000000
108.000000
66.000000
74.000000
26.000000
39.000000
167.000000
22.000000
106.000000
100.000000
105.000000
129.000000
55.000000
36.000000
107.000000
50.000000
77.000000
133.000000
81.000000
29.000000
80.000000
8466.000000
92.000000
81.000000
194.000000
104.000000
56.000000
7539.000000
77.000000
7682.000000
61.000000
117.000000
118.000000
141.000000
78.000000
117.000000
56.000000
111.000000
80.000000
58.000000
43.000000
48.000000
102.000000
16.000000
38.000000
69.000000
9637.000000
15.000000
119.000000
81.000000
64.000000
35.000000
92.000000
20.000000
87.000000
101.000000
154.000000
76.000000
53.000000
127.000000
68.000000
69.000000
85.000000
31.000000
119.000000
66.000000
175.000000
187.000000
74.000000
40.000000
94.000000
10.000000
51.000000
45.000000
141.000000
8302.000000
51.000000
101.000000
33.000000
56.000000
52.000000
62.000000
86.000000
82.000000
70.000000
24.000000
88.000000
136.000000
29.000000
111.000000
51.000000
9374.000000
27.000000
24.000000
36.000000
61.000000
63.000000
6840.000000
119.000000
27.000000
139.000000
75.000000
80.000000
154.000000
33.000000
25.000000
113.000000
63.000000
175.000000
7822.000000
24.000000
158.000000
60.000000
85.000000
8359.000000
39.000000
179.000000
95.000000
85.000000
62.000000
16.000000
134.000000
81.000000
116.000000
119.000000
144.000000
88.000000
43.000000
77.000000
34.000000
59.000000
52.000000
39.000000
94.000000
62.000000
57.000000
37.000000
8016.000000
135.000000
123.000000
53.000000
23.000000
93.000000
6488.000000
99.000000
76.000000
106.000000
31.000000
71.000000
64.000000
117.000000
60.000000
48.000000
57.000000
19.000000
7649.000000
34.000000
55.000000
83.000000
47.000000
55.000000
122.000000
26.000000
49.000000
81.000000
130.000000
43.000000
41.000000
49.000000
33.000000
26.000000
9051.000000
162.000000
39.000000
38.000000
25.000000
33.000000
84.000000
54.000000
71.000000
71.000000
28.000000
49.000000
27.000000
9051.000000
165.000000
82.000000
80.000000
69.000000
90.000000
41.000000
99.000000
35.000000
9.000000
71.000000
106.000000
15.000000
71.000000
27.000000
95.000000
81.000000
26.000000
174.000000
76.000000
33.000000
52.000000
131.000000
52.000000
246.000000
61.000000
95.000000
42.000000
36.000000
21.000000
24.000000
86.000000
113.000000
8465.000000
80.000000
82.000000
116.000000
22.000000
49.000000
105.000000
81.000000
42.000000
79.000000
60.000000
33.000000
48.000000
87.000000
13.000000
64.000000
29.000000
6435.000000
6779.000000
52.000000
191.000000
107.000000
52.000000
120.000000
125.000000
58.000000
46.000000
94.000000
30.000000
81.000000
38.000000
107.000000
76.000000
59.000000
98.000000
66.000000
92.000000
40.000000
217.000000
133.000000
39.000000
86.000000
171.000000
81.000000
104.000000
31.000000
61.000000
66.000000
64.000000
66.000000
67.000000
64.000000
98.000000
71.000000
50.000000
75.000000
91.000000
36.000000
9.000000
159.000000
9013.000000
67.000000
69.000000
65.000000
88.000000
105.000000
24.000000
177.000000
333.000000
48.000000
34.000000
47.000000
129.000000
58.000000
64.000000
66.000000
46.000000
45.000000
73.000000
57.000000
84.000000
11.000000
102.000000
18.000000
64.000000
125.000000
66.000000
52.000000
37.000000
49.000000
67.000000
129.000000
44.000000
16.000000
53.000000
81.000000
101.000000
49.000000
8165.000000
190.000000
10.000000
73.000000
16.000000
24.000000
73.000000
44.000000
29.000000
111.000000
35.000000
118.000000
35.000000
38.000000
103.000000
103.000000
52.000000
57.000000
96.000000
37.000000
141.000000
175.000000
37.000000
105.000000
123.000000
45.000000
8743.000000
48.000000
32.000000
127.000000
12.000000
32.000000
53.000000
30.000000
14.000000
123.000000
80.000000
72.000000
8003.000000
64.000000
37.000000
82.000000
67.000000
54.000000
60.000000
42.000000
64.000000
74.000000
221.000000
30.000000
53.000000
60.000000
65.000000
178.000000
52.000000
9140.000000
21.000000
79.000000
65.000000
24.000000
66.000000
97.000000
9.000000
15.000000
134.000000
181.000000
87.000000
59.000000
79.000000
48.000000
10.000000
49.000000
70.000000
6893.000000
107.000000
54.000000
24.000000
92.000000
80.000000
104.000000
86.000000
80.000000
87.000000
183.000000
70.000000
29.000000
36.000000
22.000000
50.000000
75.000000
49.000000
50.000000
58.000000
188.000000
27.000000
104.000000
85.000000
148.000000
4291.000000
102.000000
29.000000
8060.000000
43.000000
41.000000
62.000000
168.000000
121.000000
53.000000
6109.000000
76.000000
5289.000000
82.000000
81.000000
28.000000
34.000000
97.000000
38.000000
12.000000
47.000000
87.000000
15.000000
83.000000
101.000000
96.000000
47.000000
84.000000
31.000000
43.000000
61.000000
69.000000
59.000000
161.000000
135.000000
9.000000
34.000000
90.000000
40.000000
85.000000
77.000000
80.000000
32.000000
65.000000
75.000000
165.000000
168.000000
18.000000
82.000000
13.000000
75.000000
37.000000
149.000000
158.000000
33.000000
38.000000
93.000000
32.000000
56.000000
106.000000
54.000000
33.000000
58.000000
6855.000000
51.000000
125.000000
85.000000
91.000000
82.000000
7395.000000
100.000000
114.000000
62.000000
41.000000
60.000000
82.000000
44.000000
32.000000
11.000000
59.000000
35.000000
68.000000
49.000000
129.000000
67.000000
62.000000
155.000000
96.000000
161.000000
119.000000
12.000000
40.000000
59.000000
13.000000
42.000000
69.000000
33.000000
8263.000000
68.000000
122.000000
105.000000
36.000000
54.000000
51.000000
185.000000
108.000000
77.000000
23.000000
58.000000
62.000000
40.000000
3605.000000
68.000000
41.000000
15.000000
72.000000
97.000000
71.000000
206.000000
43.000000
42.000000
260.000000
108.000000
150.000000
11.000000
8383.000000
58.000000
39.000000
99.000000
328.000000
22.000000
104.000000
150.000000
53.000000
59.000000
35.000000
78.000000
49.000000
8102.000000
61.000000
162.000000
27.000000
6081.000000
72.000000
38.000000
58.000000
128.000000
119.000000
42.000000
67.000000
221.000000
66.000000
122.000000
51.000000
41.000000
43.000000
99.000000
151.000000
122.000000
211.000000
51.000000
70.000000
92.000000
43.000000
172.000000
6134.000000
98.000000
68.000000
93.000000
58.000000
51.000000
30.000000
79.000000
11.000000
59.000000
29.000000
153.000000
75.000000
66.000000
68.000000
33.000000
89.000000
48.000000
80.000000
94.000000
202.000000
87.000000
50.000000
77.000000
87.000000
51.000000
64.000000
35.000000
35.000000
55.000000
194.000000
87.000000
46.000000
49.000000
54.000000
6470.000000
20.000000
49.000000
7994.000000
93.000000
29.000000
136.000000
50.000000
66.000000
125.000000
78.000000
6528.000000
25.000000
34.000000
8200.000000
37.000000
9.000000
197.000000
102.000000
127.000000
45.000000
120.000000
35.000000
6597.000000
52.000000
165.000000
45.000000
76.000000
29.000000
22.000000
70.000000
19.000000
125.000000
15.000000
106.000000
23.000000
81.000000
48.000000
43.000000
19.000000
93.000000
119.000000
60.000000
15.000000
91.000000
96.000000
70.000000
146.000000
34.000000
176.000000
89.000000
9.000000
49.000000
7340.000000
38.000000
110.000000
39.000000
32.000000
28.000000
7.000000
30.000000
41.000000
153.000000
123.000000
7721.000000
52.000000
118.000000
62.000000
75.000000
4392.000000
44.000000
55.000000
175.000000
76.000000
8291.000000
48.000000
82.000000
24.000000
64.000000
43.000000
7165.000000
10.000000
59.000000
93.000000
35.000000
57.000000
71.000000
9950.000000
20.000000
34.000000
18.000000
55.000000
9476.000000
51.000000
56.000000
89.000000
84.000000
27.000000
81.000000
35.000000
64.000000
64.000000
67.000000
45.000000
65.000000
23.000000
66.000000
8434.000000
48.000000
77.000000
59.000000
183.000000
63.000000
76.000000
48.000000
150.000000
82.000000
46.000000
41.000000
92.000000
30.000000
87.000000
74.000000
68.000000
133.000000
43.000000
71.000000
43.000000
62.000000
27.000000
83.000000
49.000000
151.000000
9342.000000
141.000000
59.000000
5777.000000
233.000000
15.000000
65.000000
84.000000
122.000000
40.000000
157.000000
76.000000
39.000000
58.000000
215.000000
34.000000
16.000000
84.000000
162.000000
183.000000
42.000000
61.000000
55.000000
62.000000
8169.000000
20.000000
84.000000
141.000000
30.000000
63.000000
78.000000
33.000000
10.000000
68.000000
64.000000
64.000000
20.000000
32.000000
95.000000
94.000000
45.000000
93.000000
212.000000
42.000000
76.000000
8285.000000
53.000000
71.000000
26.000000
77.000000
5586.000000
50.000000
31.000000
130.000000
43.000000
73.000000
37.000000
106.000000
114.000000
60.000000
79.000000
54.000000
32.000000
10123.000000
8116.000000
140.000000
32.000000
88.000000
72.000000
31.000000
85.000000
8457.000000
39.000000
59.000000
44.000000
7651.000000
78.000000
87.000000
42.000000
61.000000
77.000000
41.000000
92.000000
84.000000
7561.000000
165.000000
57.000000
66.000000
123.000000
89.000000
57.000000
85.000000
41.000000
189.000000
39.000000
8446.000000
54.000000
60.000000
72.000000
88.000000
97.000000
75.000000
68.000000
25.000000
117.000000
50.000000
170.000000
94.000000
34.000000
111.000000
66.000000
67.000000
27.000000
126.000000
76.000000
110.000000
7514.000000
28.000000
93.000000
55.000000
92.000000
8279.000000
83.000000
52.000000
68.000000
142.000000
39.000000
17.000000
75.000000
48.000000
62.000000
67.000000
103.000000
53.000000
135.000000
172.000000
130.000000
72.000000
81.000000
70.000000
80.000000
44.000000
52.000000
9217.000000
11.000000
97.000000
24.000000
7244.000000
131.000000
12.000000
56.000000
30.000000
15.000000
71.000000
102.000000
39.000000
63.000000
39.000000
30.000000
43.000000
78.000000
71.000000
51.000000
3268.000000
53.000000
33.000000
72.000000
33.000000
71.000000
100.000000
42.000000
48.000000
73.000000
62.000000
18.000000
79.000000
77.000000
90.000000
20.000000
35.000000
137.000000
14.000000
74.000000
66.000000
29.000000
38.000000
111.000000
51.000000
45.000000
58.000000
40.000000
68.000000
10.000000
53.000000
118.000000
94.000000
8689.000000
29.000000
57.000000
195.000000
22.000000
69.000000
120.000000
86.000000
46.000000
56.000000
31.000000
30.000000
28.000000
36.000000
28.000000
66.000000
80.000000
40.000000
27.000000
112.000000
171.000000
20.000000
70.000000
39.000000
109.000000
95.000000
63.000000
112.000000
99.000000
150.000000
84.000000
49.000000
7445.000000
37.000000
82.000000
66.000000
46.000000
75.000000
101.000000
102.000000
60.000000
57.000000
47.000000
120.000000
37.000000
10.000000
7197.000000
21.000000
42.000000
7713.000000
204.000000
101.000000
81.000000
48.000000
7598.000000
53.000000
13.000000
89.000000
74.000000
161.000000
115.000000
131.000000
112.000000
52.000000
7145.000000
47.000000
28.000000
131.000000
19.000000
73.000000
97.000000
137.000000
9.000000
125.000000
42.000000
8308.000000
18.000000
105.000000
85.000000
83.000000
44.000000
8632.000000
38.000000
8337.000000
23.000000
58.000000
19.000000
54.000000
11.000000
41.000000
76.000000
78.000000
58.000000
69.000000
77.000000
36.000000
8791.000000
132.000000
28.000000
49.000000
7495.000000
8455.000000
159.000000
100.000000
151.000000
33.000000
142.000000
111.000000
29.000000
96.000000
6888.000000
71.000000
7831.000000
56.000000
27.000000
72.000000
144.000000
141.000000
8702.000000
110.000000
9244.000000
171.000000
43.000000
54.000000
41.000000
39.000000
83.000000
45.000000
95.000000
33.000000
26.000000
39.000000
136.000000
60.000000
71.000000
79.000000
8343.000000
51.000000
69.000000
60.000000
205.000000
38.000000
25.000000
129.000000
42.000000
35.000000
93.000000
78.000000
51.000000
109.000000
44.000000
67.000000
35.000000
66.000000
61.000000
37.000000
13.000000
74.000000
69.000000
38.000000
36.000000
68.000000
58.000000
114.000000
21.000000
52.000000
78.000000
47.000000
86.000000
35.000000
80.000000
167.000000
88.000000
25.000000
33.000000
9.000000
89.000000
44.000000
162.000000
71.000000
26.000000
70.000000
80.000000
32.000000
8.000000
8.000000
24.000000
164.000000
31.000000
29.000000
8180.000000
55.000000
24.000000
101.000000
121.000000
78.000000
78.000000
85.000000
102.000000
30.000000
44.000000
51.000000
76.000000
49.000000
39.000000
69.000000
116.000000
128.000000
98.000000
17.000000
23.000000
69.000000
75.000000
15.000000
44.000000
72.000000
95.000000
102.000000
149.000000
279.000000
129.000000
91.000000
55.000000
67.000000
43.000000
149.000000
74.000000
56.000000
150.000000
71.000000
28.000000
75.000000
18.000000
129.000000
60.000000
69.000000
29.000000
61.000000
69.000000
32.000000
150.000000
42.000000
96.000000
57.000000
27.000000
65.000000
8992.000000
20.000000
109.000000
131.000000
73.000000
25.000000
109.000000
91.000000
96.000000
82.000000
23.000000
62.000000
22.000000
78.000000
7472.000000
29.000000
157.000000
98.000000
22.000000
31.000000
59.000000
169.000000
27.000000
64.000000
196.000000
7283.000000
29.000000
127.000000
58.000000
88.000000
62.000000
7515.000000
6782.000000
116.000000
156.000000
135.000000
12245.000000
46.000000
158.000000
55.000000
3843.000000
30.000000
96.000000
45.000000
40.000000
123.000000
109.000000
91.000000
47.000000
100.000000
84.000000
81.000000
87.0